0.0148	0.2549	-0.1215	-0.2483	1.1876	0.2346	-0.0141	-0.3436	0.1348	-0.9738	-0.0051	0.0422	0.2611	-0.7962	0.0550	-0.0286	0.7538	0.2033	-0.3678	-0.0599	-0.5674	0.5902	-0.1473	-0.6386	0.1788	-0.0915	0.0225	-0.0032	-0.2930	0.2383	-0.5182	0.3015	-0.3052	0.1302	-0.1767	-0.3791	1.4821	0.0571	0.4079	-0.0006	-0.4315	0.3157	-0.9338	0.1917	0.5822	0.3305	-0.9353	-0.2700	0.2737	-0.2315	-0.0600	0.0425	-0.0422	0.5388	-0.5689	0.4638	-0.3389	0.9313	0.0959	-0.1291	1.5253	0.0973	-0.1264	0.1960
0.1235	-0.0506	0.4600	-0.4142	-0.3738	0.1462	0.0676	-0.0822	-0.1505	-0.4307	-0.3341	-0.1536	0.4170	0.0910	-0.0233	0.2776	-0.5320	-0.0934	0.2892	-0.0553	-0.2476	0.2596	0.2284	-0.2119	-0.1186	0.2329	-0.2051	0.1583	-0.2317	0.5507	0.1181	0.0722	0.2631	-0.2330	-0.0533	0.7629	-0.7235	0.2780	0.4177	0.5916	0.1680	-0.2051	-0.0426	-0.1645	0.8693	-0.2531	0.0770	-0.3879	-0.1482	-0.1637	0.1799	0.0859	0.0949	-0.1956	-0.2254	-0.0234	-0.2178	0.1053	-0.2025	0.1267	0.1109	-0.2431	0.9143	-0.4685
-0.1612	-0.1670	-0.1782	-0.1341	-0.2388	0.1691	-0.0632	-0.0533	-0.1783	-0.2571	-0.2519	0.0870	-0.2936	0.1181	-0.0408	-0.5230	0.8429	-0.1696	-0.4845	0.1600	0.1543	-0.0473	-0.7945	-0.5332	0.0058	-0.0135	-0.2060	-0.0747	-0.2662	-0.1114	0.2397	-0.0539	0.8764	0.1809	-0.3208	0.1938	-0.0863	0.1462	-0.0658	0.2201	0.0545	-0.0371	0.0893	0.0536	-0.4093	0.9605	0.0585	-0.3270	0.0884	0.1183	0.0626	0.0000	0.1224	-0.2659	0.2412	-0.5072	-0.0551	-0.3507	0.0982	0.0911	0.0142	0.1415	0.3566	-0.3209
0.3698	0.0666	0.3766	-0.5010	0.3790	-0.2021	-0.0150	0.1971	-0.5347	0.2191	0.0143	-0.2025	-0.2596	-0.1876	-0.1922	-0.0294	-0.1316	-0.0824	0.1186	0.0782	0.4187	0.2661	0.0233	0.2995	0.2378	0.4468	-0.1858	-0.0815	0.0646	-0.4755	0.6803	0.1581	-0.2658	-0.3483	-0.1266	0.1225	-0.2728	0.1060	0.0916	0.0509	-0.0238	-0.1603	-0.4394	-1.2336	-0.0909	0.1349	0.0362	0.2684	0.0557	-0.0160	-0.4994	-0.2123	-0.0453	-0.0714	-0.1585	-0.3651	0.1863	-0.2681	-0.0208	-0.1789	-0.3027	0.3166	0.1474	-0.2069
0.1692	-0.3268	0.0916	-0.7671	-0.1065	0.1225	-0.2118	-0.0735	-0.1176	0.4799	-0.5069	0.3988	0.0249	0.2029	0.7587	-0.0818	-0.1268	1.0060	0.7397	-0.3325	-0.0218	0.0772	-0.0630	0.7672	0.7523	0.3944	0.0320	-0.3620	-1.0879	-0.4972	-0.1699	-0.0047	0.2007	0.4128	-0.4113	-1.2867	-0.2749	0.3676	0.3893	-0.2743	0.1578	0.3010	0.4074	-0.4390	-0.2247	0.2489	-0.9601	0.3487	0.3551	0.7192	0.5186	0.1623	-0.1123	0.5463	0.4797	-0.5496	-0.2588	0.6193	0.7274	0.0235	-0.5408	-0.4487	0.7705	0.4146
-0.5921	-0.1286	-0.2120	0.4927	-0.4230	-0.6418	0.4548	-0.6748	0.2291	0.3347	-0.1893	0.5388	0.1247	-0.1248	-1.1797	-0.4247	0.1258	0.0917	-0.0668	0.0055	0.1914	0.1098	-0.3471	-0.7000	-0.1768	0.4261	0.1784	-0.1411	0.3183	0.0180	-0.3063	0.5633	0.6782	0.3519	-0.1109	-0.1972	-0.4560	0.1995	-0.2951	0.4314	0.1792	0.8337	-0.3152	0.0221	0.7692	-0.0997	-0.0658	-0.0506	-0.0501	-0.3300	0.2576	-0.0097	-0.2881	0.2185	-0.1833	0.3338	0.1759	-0.0735	-0.5368	0.3787	-0.0461	-0.0762	0.4225	0.5786
-0.0444	-0.0390	0.3871	0.1036	0.1549	0.2108	-0.1440	0.2636	0.1993	0.8080	0.2853	-0.2439	-0.0044	0.1791	-0.1850	-0.1403	0.4367	-0.0092	-0.3638	0.0969	0.5214	-0.0134	-0.2461	0.1740	0.0786	0.0494	-1.3965	0.0173	0.1268	0.1700	-0.1111	-0.1577	-0.0214	0.8778	0.0996	0.1700	0.1118	-0.4105	0.3610	-0.2967	-0.2638	0.6380	0.0719	-0.0683	0.2190	-0.7061	0.1773	-0.1285	-0.3099	-0.0713	-0.0457	-0.1563	-0.2257	-0.3949	0.1042	0.2688	-0.7093	0.2764	0.4466	-0.4128	-0.0040	-0.0868	-0.1165	0.1476
0.1026	0.4492	-0.0856	0.2111	1.1569	-0.0334	-0.5003	-0.5460	0.1536	0.2708	0.2173	0.1846	-0.1560	-0.1255	0.3367	-0.3748	-0.4155	0.1859	-0.1615	1.1517	0.0235	0.0364	-0.4276	0.4910	-0.5760	0.1155	1.1726	-0.3057	0.5174	-0.4343	-0.0201	0.4720	0.1238	0.0482	0.1933	0.6483	-0.0379	0.6789	0.1582	-0.2569	-0.2117	0.0718	-0.6032	-0.2271	-0.1926	0.0629	-0.4038	-0.1467	0.1768	-0.3046	-0.3056	0.2212	0.2567	0.0874	-0.0715	-0.1818	0.3169	-0.1668	-0.2743	0.0972	-1.0223	0.0080	0.4832	-0.1789
-0.0359	-0.4415	-0.8921	0.5291	0.4188	1.6900	-0.4929	-0.0119	-0.0708	0.0246	-0.5777	-0.0296	-0.6767	-0.0789	-0.0587	-0.6495	0.5039	-0.2109	0.3225	0.4185	0.0676	0.0660	0.3666	0.2873	1.0531	0.2480	0.0558	0.5686	0.1430	0.2057	0.1944	-0.3038	-0.1767	-0.6276	0.3882	-0.0220	-0.0688	-0.1121	-0.5455	0.3842	-0.4409	-0.4592	0.3858	-0.2873	0.1745	-0.0372	-0.2250	0.3901	0.4096	0.5259	-0.1003	-0.7489	-0.0359	0.1024	-0.3682	-0.3787	-0.2946	0.2319	0.5385	-0.4556	-0.0384	0.0302	-0.5057	-0.1477
-1.2457	0.6134	-0.0366	-0.5847	0.8117	-0.4813	-0.0863	-0.2023	0.4876	0.3390	0.4842	-0.1484	-0.1597	-0.6433	0.0868	-0.0853	-0.1745	0.0628	0.2243	0.1589	0.0690	-0.1900	0.0188	0.2532	0.1047	-0.4610	0.0936	-0.2666	-0.1092	1.1697	-0.1200	0.1956	-0.0736	0.3186	-0.2705	-0.0442	-0.1655	-0.2071	-0.2419	0.3042	0.1134	-0.5388	0.4464	-0.1971	-0.5785	-0.3483	0.1490	0.4607	0.2256	-0.2008	-0.0967	-0.5312	0.9434	0.2226	-0.1331	0.0695	-0.2150	-0.7829	-0.3513	0.3029	0.2829	-0.7101	0.9009	-0.3914
-0.0136	-0.2197	-0.0182	-0.0765	-0.1033	-0.1695	-0.0495	0.1471	0.0640	0.1800	0.1233	0.2495	0.2644	1.1497	0.4003	-0.2715	-0.0574	0.1275	-0.3473	-0.1578	-0.0046	-0.4827	-0.3795	0.1021	0.1568	-0.3980	-0.0307	0.2006	0.1465	-0.1428	0.8031	0.2326	-0.5812	0.0920	-0.1102	-0.0721	0.1974	-0.0027	-0.0666	0.5005	0.0208	0.5411	0.2243	-0.1396	0.0454	-0.5338	-0.5906	-0.1610	-0.0115	-1.0895	0.1671	-0.6058	0.5778	0.1563	0.0436	-0.5865	0.0827	-0.2619	0.0789	-0.1693	-0.6891	-0.4375	0.2220	0.7507
0.4636	0.2983	0.0906	0.1074	-0.2747	0.5741	0.3966	0.0285	0.1694	0.0041	0.1793	-0.2791	-0.0045	-0.0779	-0.2803	0.2707	-0.0915	-0.2678	-0.2743	-0.4298	0.0628	0.0565	0.1550	0.0737	-0.2159	0.1829	0.0856	0.0196	0.0426	0.1402	0.0422	0.3738	0.2572	-0.0926	0.3497	-0.0731	-0.2065	-0.1187	-0.0473	-0.2911	-0.6495	0.0539	-0.3166	0.0595	-0.0736	0.0385	0.1707	-0.7809	-0.7684	-0.4257	-0.0365	-0.1704	-0.1114	0.3462	-0.0416	-0.1907	-0.2464	0.6561	0.4629	-0.4736	-0.2385	-0.0389	0.0195	0.0460
0.1243	-0.0274	-0.1986	0.0534	0.4970	0.3953	-0.1960	0.3645	0.2113	0.5923	0.1550	0.1967	0.1173	-0.5932	-0.2469	-0.1555	0.0844	-0.0534	0.1537	-0.0070	0.1110	0.3769	0.0400	0.1320	-0.2068	-0.2126	0.0601	-0.9167	0.4030	0.1591	0.0346	-0.0891	-0.3197	0.1741	-0.0208	0.0112	0.1913	0.1378	0.0414	-0.1479	0.0852	-0.0464	-0.1712	0.1688	-0.6175	0.4946	0.3216	-0.0200	0.0604	-0.4841	-0.0864	0.1098	-0.9908	0.1354	0.1948	-0.0544	0.7799	0.0155	0.0698	0.1975	0.7407	0.2204	0.0146	-0.1146
0.4684	-0.2151	-0.1182	-0.0104	-0.4747	0.2061	0.3504	-0.3642	-1.0127	0.5644	-0.0969	-0.0051	0.0235	-0.1637	-0.0445	0.0260	-0.6623	0.5583	0.1296	0.1622	-0.3984	-0.3173	0.4926	-0.2149	0.4216	-0.0035	0.7831	0.2257	0.0894	-0.1066	1.2041	0.4236	-0.4176	-1.4368	0.2633	-0.1413	-0.4976	0.5308	-0.8588	0.2687	0.9191	-0.5830	0.0001	0.1075	-0.5822	0.6540	-0.9301	0.3809	-0.4185	0.7054	0.9567	0.2827	0.1370	0.0522	-0.0973	-0.2079	0.9263	-0.0483	-0.4919	0.3407	-0.5122	0.0532	-0.3580	0.1029
-0.8662	0.3830	-0.1914	0.2151	-0.2581	-0.1446	-0.3227	0.2163	0.0761	-0.3519	-0.2094	0.2714	-0.6778	-0.2398	-0.0528	-0.0992	-0.1723	-0.0664	0.0498	-1.0702	-0.1602	-0.1731	-0.3265	-0.6500	-0.3962	-0.3973	-1.1969	-0.0435	0.1839	-0.2618	-0.6490	0.9712	-0.4862	-0.1007	0.4119	-0.5329	-0.1965	0.1195	-0.3558	0.1997	-0.0542	0.1845	0.4452	0.0059	-0.1895	0.3273	-0.2090	-0.3226	0.5043	0.3320	-0.6973	0.0066	0.6617	0.3127	-0.1506	0.2816	0.2583	0.1478	1.5307	0.0228	0.0632	-0.2065	0.2778	-0.4672
1.3453	-0.0307	0.0455	-0.3459	0.2334	0.3638	-0.0267	-0.0240	0.2906	-0.5536	0.0363	-0.6933	-0.2133	0.7940	0.3296	0.4335	0.5481	-0.9202	-0.2332	0.9948	-0.5719	0.0936	-0.6401	0.0662	0.0422	0.5222	0.7519	0.4041	-0.0117	0.4778	-0.2327	0.6350	-0.1096	-0.0455	0.0071	-0.5708	-0.4236	0.3834	0.0457	-0.1710	-0.1759	0.3434	0.3377	-0.2598	-0.1336	-0.1976	-0.0017	-0.6534	-1.8161	-0.2504	0.2683	0.2697	-0.4809	0.3039	0.5067	-0.0491	-0.0992	-0.0106	0.0422	-1.0292	0.4930	-0.4789	-0.3469	-0.1922
0.4308	-0.0267	0.2927	-0.0108	-0.2035	0.1149	-0.5035	0.4022	-0.0192	0.0711	-0.1556	-0.2175	-0.2368	0.3938	0.3958	-0.4523	-0.0557	0.0906	-0.0045	0.0139	-0.0059	0.0199	-0.1444	-0.4709	0.4575	0.1678	-0.2065	0.0180	-0.0148	-0.0132	0.0053	-0.1032	-0.1513	-0.5963	0.2043	0.2191	0.1412	-0.4338	0.1449	-0.0750	-0.0610	-0.0153	-0.1760	-0.0667	-0.1130	0.1856	-0.0326	-0.1806	0.3810	-0.2239	-0.0840	0.0700	-0.5030	-0.0949	-0.3119	0.0335	-0.0951	0.0111	0.0936	0.2576	0.0231	0.1834	-0.1217	0.0034
1.1878	-0.1337	-0.4752	-1.0031	-0.1431	-2.2827	0.4428	0.1993	-0.2476	-0.2950	0.1915	0.2555	0.3962	-0.3254	0.4057	0.3286	0.1321	0.1114	-0.7510	-0.2695	-0.5440	0.0219	-0.6310	0.2021	-0.1057	0.0192	0.0783	-0.1547	0.7210	-0.0540	0.1031	-0.3927	-0.6433	-0.5843	-1.7210	-0.5559	-0.1712	-0.0524	-0.0767	-0.4798	-0.3562	-1.0568	0.0576	-0.3312	0.1450	-0.1979	0.0399	-0.5542	-0.1593	-0.0124	0.7804	0.4629	-0.0677	0.2492	-0.3225	0.7800	-0.5011	0.2128	0.2122	-0.9197	1.5473	-0.0602	0.0295	0.3792
0.4170	-0.4468	-0.1315	0.8971	-0.0592	-0.4692	-0.0160	-0.1915	-0.1777	-0.5860	-0.0739	0.7949	-0.4108	-0.3177	-0.1354	0.1734	-0.0911	0.9722	0.5908	-0.0778	0.1553	-0.1437	-0.5461	0.1450	-0.1640	0.3295	-0.0646	0.2868	-0.6284	0.5583	0.3683	0.0056	0.4043	-0.0952	0.3128	0.7192	0.3266	0.1209	-0.1374	-0.1127	0.3044	-0.3969	-0.7962	0.0098	-0.7675	-0.5986	0.0154	-0.7854	0.1724	-0.2389	-0.3633	0.1360	-0.3305	-0.0409	0.1983	-0.3706	-0.3154	0.1615	-0.0172	-0.4515	-0.0172	-1.0906	0.0244	0.2311
0.3408	0.2159	0.0676	0.1737	-0.2434	-0.1468	-0.3568	0.2565	0.2177	0.1607	-0.1421	-0.3010	-0.4070	0.1384	-0.2179	0.1515	0.2043	0.1355	0.2501	0.6398	0.1143	-0.1412	0.7506	0.3296	-1.0378	-0.9321	0.8453	0.2075	0.0186	0.3147	-0.7004	-0.2425	-0.0738	-0.3087	-0.4111	-0.1219	0.2077	-0.1594	0.0309	-0.1053	0.4412	-0.2823	-0.2197	0.1371	-0.2676	-0.3195	-0.1723	0.4693	0.2003	-0.0738	0.2262	-0.5771	-0.3418	-0.1786	-0.3462	-0.2163	0.3068	0.3311	0.8684	-0.3244	-0.3871	-0.1384	0.2765	-0.0570
-0.1194	-0.1186	-0.8080	-0.7844	0.4162	0.3404	0.2282	-0.4016	-0.2457	0.0582	0.6271	-0.7399	-0.4325	0.8269	-0.3206	0.6929	-0.0806	-0.6056	0.0770	-0.8391	0.2937	0.1253	-0.0811	-0.5839	0.0036	-0.2589	-0.1553	-0.0647	-0.1419	0.5144	0.2695	-0.3790	0.2088	0.3919	0.2567	0.1228	-0.4415	0.0759	0.0566	-0.3460	2.5506	0.1380	-0.3904	0.0041	0.0381	0.1393	-0.2729	-0.3428	0.9979	-0.5217	0.1669	-0.3722	0.1854	1.0894	-0.4744	-0.0885	-0.6842	-0.4707	-0.1420	-0.8238	-0.1109	-0.1826	-0.5227	-0.4329
-0.0353	0.1085	-0.1990	0.0199	0.1080	0.2819	-0.1724	0.1733	-0.1972	0.1321	-0.8584	-0.2566	0.0098	0.0726	-0.1160	0.2042	0.9675	-0.1587	0.0454	-0.1382	-0.2459	0.4835	-0.3111	-0.0201	-0.1746	-1.0068	-0.0645	-0.1859	0.2589	-0.4167	-0.0313	0.3853	0.2185	-0.1226	-0.0562	0.2784	-0.4029	-0.1400	0.0051	-0.0335	0.2578	0.1096	-0.2086	-0.0441	-0.2046	-0.0181	-0.1795	0.4567	-0.2410	-0.0222	-0.0741	-0.2697	0.0431	0.2298	0.2365	0.1764	0.0654	-0.2655	0.0495	0.6724	0.0249	-0.0432	0.1025	-0.1666
-0.6608	0.3439	0.5343	-0.3847	-0.1526	-0.6525	-0.8033	2.2622	-1.0701	-0.5988	-0.0180	0.7606	-0.2912	-0.1937	-0.3574	-0.0544	0.7489	-0.2352	-0.2140	0.5961	0.1395	0.7789	-0.2669	-0.4177	-0.3858	0.6933	0.0566	0.1030	0.3577	0.3760	0.2235	0.3985	0.4268	-0.4144	0.1788	-0.1132	0.2121	-0.3684	0.1423	0.1937	0.2841	0.4039	0.3803	0.0149	0.4303	-0.1104	-0.1738	0.1671	0.3241	-0.4031	-0.9451	-0.1284	0.0181	0.3711	-0.0080	-0.5623	-0.1989	-0.2566	0.3451	-0.9346	-0.6451	0.2113	0.2871	0.3207
-0.3032	0.1593	-0.1356	0.0276	0.0605	0.0805	0.0985	0.1003	0.7111	-1.4709	-0.1884	-0.2091	-0.1456	-0.0787	0.3291	0.2573	-0.3156	0.8709	0.2481	-0.1145	0.3611	-0.2539	-0.1158	-0.2180	-0.0418	-0.5450	0.3177	0.7559	0.5252	-0.0532	0.6286	-1.0456	0.0023	-0.4952	0.0733	-0.3756	-0.4911	0.3255	0.5087	-0.4408	-0.2663	0.2779	0.1846	-0.6918	0.6386	-0.4242	-0.1753	0.4887	-0.3299	0.6292	-0.3805	-1.1859	-0.0352	0.2758	-0.2823	-0.3425	-0.5063	-0.1286	0.0503	0.3117	0.0882	0.1527	-0.2332	-0.2340
-0.3344	0.2845	-0.0907	0.0443	0.0317	-0.0199	0.3146	-0.8224	0.7386	-0.2719	-0.0347	-0.7984	0.3032	0.8931	-0.5235	-0.3751	-0.1625	-0.0264	0.0268	-0.3339	-1.1904	-0.0877	-0.8937	-0.3878	0.4532	0.1421	0.1376	0.2511	-0.3741	-0.2442	-0.0778	-0.3284	-0.2592	-0.7813	-0.0938	0.2819	0.7422	0.7779	0.3709	0.6701	0.0351	-0.3510	-0.6091	-0.7206	-1.2758	-0.6271	0.0461	-0.1545	-0.3090	0.2729	0.0924	0.8234	-0.6570	0.0286	0.1529	0.1509	-0.2115	0.1464	0.6606	-0.3524	0.4403	-0.1547	0.6238	0.0293
0.0165	-0.1746	-0.0510	0.0426	1.0096	-0.0379	0.4798	-0.8849	-0.0169	-0.0959	0.0668	0.1263	0.2159	0.0402	-0.1828	0.3349	-0.2165	-0.2003	-0.2142	0.0347	1.1948	-0.1680	-0.4570	0.3703	0.1423	-0.2372	0.0806	-0.1087	-0.1364	-0.3819	0.4209	-0.1099	-0.2799	0.0630	0.1298	0.0260	0.4556	0.2149	0.1298	-0.3519	-0.2327	0.2360	-0.1341	0.2104	-0.1975	0.1261	-0.0480	0.2026	-0.1769	0.4090	0.1019	0.1565	-0.0973	0.6549	0.2965	0.0363	1.3199	0.2241	0.5859	0.0721	0.1420	-0.2706	-0.2916	-0.2997
0.3102	0.6925	0.7640	-0.1559	0.3010	0.3325	0.4876	-0.9056	-0.0497	-0.2046	0.1133	0.3502	-0.2717	-0.7559	-0.2890	-0.0201	0.4599	-0.2665	-0.1784	-0.0672	-0.5078	-0.1081	-0.0926	-0.1278	-0.5769	-0.0919	-0.8939	0.7319	0.1512	0.2793	0.5155	-0.4981	-0.0705	-0.7174	0.1507	-0.1162	-0.5623	0.4138	0.0266	-0.4455	-0.3799	0.6659	0.7424	-0.2680	-0.4172	0.0964	0.2198	-0.2318	1.0792	-0.0882	0.9050	0.0790	0.2363	-0.0588	-0.0694	0.4419	0.3641	0.0591	0.0112	-0.6299	-0.3732	-0.1530	0.9718	0.2811
-0.3139	-0.6933	-0.2894	0.0491	0.0818	0.8767	-0.1984	-0.2043	0.4357	-0.3777	0.2750	0.2089	0.5570	-1.0487	-0.3282	0.2412	0.4110	-0.0703	0.0566	-0.1444	0.0746	0.7958	0.3213	-0.1526	0.5892	0.0689	0.4016	-0.3892	0.0687	0.1507	0.1174	0.6441	-0.0704	-0.3396	-0.2288	-0.3935	1.2754	1.0002	-0.0557	-0.0904	-0.2139	-1.0628	-0.0578	0.2422	1.0023	-0.3072	0.1285	-0.0143	0.2992	0.1887	0.5091	0.5390	0.3661	0.6078	-0.1109	-0.2515	-0.1316	-0.3989	-0.3134	-0.4560	-0.5404	0.1252	-0.4887	0.2170
-0.4978	0.3259	0.2428	0.3583	0.2554	-0.0429	-0.0717	0.0296	0.0427	-0.1110	-0.1333	-0.2966	2.5601	0.7432	-0.0628	-0.3751	0.4387	-1.1256	-0.2069	0.3204	0.2889	-0.2610	0.0893	0.3164	-0.3256	0.2731	0.3884	0.1320	0.0773	-0.0180	0.2507	-0.3219	-0.1915	-0.1938	-0.2681	-0.5528	-1.0152	-0.4743	-0.2974	0.6503	-0.4711	-0.9756	-0.1613	0.3809	0.1215	-0.1598	-0.0820	0.4592	0.0512	0.2836	0.2792	-0.2445	-0.1692	-0.1274	-0.1982	0.3898	-0.1802	-0.8190	-0.2148	0.5321	-0.1021	-0.1167	-0.3309	-1.3770
-0.0569	0.1128	0.8105	-0.0275	0.1297	-0.0303	-0.1717	-0.0985	-0.1815	-0.2350	-0.1090	-0.1604	0.5606	0.3041	-0.1190	0.3110	0.1294	-0.0088	-0.0066	0.0064	0.0143	-0.2191	0.0500	-0.1366	-0.2795	0.1997	0.1176	0.1210	-0.1413	-0.0776	0.1075	0.0934	0.0692	0.1159	0.1207	-0.0644	-0.1022	-0.1137	-0.1055	0.1747	0.0327	-0.1064	-0.0135	-0.2108	0.1351	0.0682	-0.0109	0.0093	0.0778	0.1095	-0.1019	-0.0270	0.0149	0.0187	-0.1197	0.1342	-0.1380	0.1294	0.1621	-0.0907	-0.3350	-0.1167	-0.3337	-0.0080
-0.1645	-0.3913	0.3225	0.7441	-0.1414	0.2808	-0.0397	-0.2313	0.4440	0.8913	-0.0489	0.2186	-0.2250	0.0693	0.3426	0.1372	-0.4819	0.4502	0.4148	0.2531	0.2277	-0.1788	-0.7164	-0.2242	0.0302	0.7840	0.3820	-0.0555	0.2260	-0.1008	-0.0463	0.2065	-0.3878	-0.5452	0.1034	-0.4661	-0.5846	-0.0462	-0.7569	0.3987	0.3516	-0.1328	0.8281	-0.0455	-0.3652	-0.0706	0.8398	-0.1399	0.0291	0.7353	0.4458	-0.4444	-0.4833	0.0691	0.0662	-0.5312	-0.0661	0.6176	-1.1299	-0.6151	-0.5462	-0.2851	-0.1755	-1.0731
0.1171	-0.3868	0.3265	-0.1072	0.2763	-0.0200	-0.2806	0.1088	-0.3922	-0.3783	0.0176	0.6936	0.1982	0.0973	0.0808	0.1185	0.4931	0.8035	0.1664	-0.5190	-0.5198	-0.3778	-0.2005	0.1573	0.7668	-0.3736	0.2951	0.2482	-0.4020	-0.1795	-0.4930	0.2254	0.3490	0.4465	0.1360	-0.1834	0.1715	-0.0904	0.5692	-0.1629	-0.2908	-0.5063	-1.0682	-0.2524	-0.1595	-0.0636	1.5270	0.1653	0.7254	0.2725	0.7991	-0.0846	-0.1975	0.1380	-0.1339	-0.5296	-0.1209	-0.0592	-0.1711	-0.3693	-0.7310	-0.0273	-0.0576	-0.0634
0.2944	0.4089	0.3052	0.0682	-0.2361	0.6750	0.0582	0.4277	-0.3116	0.3003	0.0316	0.0285	0.0466	0.2507	0.1088	0.0429	0.3813	1.0283	0.1011	-0.6812	0.2745	-0.0777	-0.1497	0.1831	-0.2231	0.3264	-0.6410	0.1283	-0.0683	0.4285	0.2728	-0.6270	-0.2312	0.1613	-0.4028	0.1095	0.3595	0.0942	0.0808	-0.3341	0.0128	-0.6625	0.4765	-0.1136	0.4329	0.4132	1.1490	0.1518	-0.1452	-0.3198	-0.3294	-0.4463	-0.0382	0.1196	0.2642	0.0963	0.3360	-0.7124	0.1149	0.3598	1.0224	-0.2946	-0.2144	0.0919
-0.0993	0.3749	0.0027	0.1719	0.1149	0.0962	-0.0139	0.0729	-0.0640	-0.2521	0.5167	0.1715	0.1047	0.2480	-0.2602	-0.0539	-0.0281	-0.0013	-0.4440	-0.0091	0.1832	-0.4567	-0.0724	0.1531	0.4185	-0.1693	0.2254	0.0996	0.0292	-0.0264	-0.0127	0.0635	-0.0291	-0.1801	-0.5202	-0.1171	0.1315	-0.0072	-0.2309	-0.7903	-0.0751	0.5568	0.0551	0.1779	-0.0542	0.0247	0.0426	-0.1166	0.3331	-0.1726	-0.8274	0.1268	0.4016	0.4184	0.7488	-0.0149	0.1387	-0.1861	-0.3660	0.0083	0.0787	-0.1703	0.1046	0.3834
-0.5271	0.1606	-0.3784	-0.4544	-0.4947	0.4231	-0.5282	0.7016	-0.5926	0.2348	0.5889	-0.0016	0.0961	-0.6442	0.1795	0.4333	0.5994	-0.0146	0.7821	-0.5158	-0.9140	0.5878	-0.4709	1.3639	-0.3290	0.1101	0.2518	0.6447	-0.7570	-0.2648	0.2106	0.3025	-0.2038	0.2285	0.8213	-0.6118	0.3635	-0.2990	-0.3024	0.2232	0.6288	0.5747	0.0859	0.0303	-0.2914	-1.9761	0.1742	-0.1538	0.2505	0.0244	0.1799	0.2758	-0.2227	0.6170	0.4538	0.2218	0.8088	0.3354	-0.0148	0.8013	-0.2092	0.3662	-0.0199	-0.3125
-0.3004	-0.3268	0.2776	0.0331	-0.1718	-0.0472	-0.2846	-0.7733	-0.4996	0.1705	0.3201	-0.2387	0.0149	0.0956	-0.2866	-0.0843	-0.1195	0.0132	0.4292	-0.0688	-0.0777	-0.2977	0.2762	0.2474	-0.0168	-0.1541	-0.0911	-0.2706	-0.2607	-0.0338	0.4473	-0.3524	-0.0928	-0.3005	-0.2205	-0.5518	0.4399	0.0434	-0.2183	0.2245	0.0176	0.2313	-0.2128	0.0922	0.4339	0.1740	0.1013	0.1109	0.1163	-0.1993	-0.6332	-0.0930	-0.4871	-0.0676	0.4414	0.0998	-0.0605	-0.1259	0.4032	0.0472	-0.7719	-0.0473	0.2259	-0.1483
-0.0992	0.0872	0.0564	-0.0076	-0.0919	-0.3475	0.5426	-0.3555	-0.1192	-0.1073	0.0519	0.0379	-0.2352	0.9184	0.2468	0.6999	-0.0937	0.0474	-0.1281	-0.2849	0.1679	-0.4981	0.2621	-0.2448	0.1541	0.0287	0.3681	0.6145	0.2392	-0.7379	-0.5085	-0.0467	-0.0049	0.2736	0.0057	0.7340	0.2229	-0.1121	0.2623	0.0348	0.0178	0.5039	0.0178	-0.4025	-0.2386	-0.3391	-0.1168	0.0407	-0.1162	0.0445	0.1637	-0.0205	0.0267	-0.4102	0.2053	0.2236	-0.3465	0.0243	0.2617	0.2457	0.3241	0.3831	0.7588	-0.0361
-0.4359	-0.1255	-0.2296	0.9680	-0.3815	0.4183	-0.5822	0.5384	-0.3584	-0.0452	0.0577	0.6718	0.0613	-0.1399	0.6477	0.2881	-0.2144	0.0978	-1.4161	-0.3061	-0.2186	0.0448	-0.1337	0.4250	-0.3868	-0.1258	0.6957	-0.4568	-0.5479	1.5725	-0.2429	-0.2828	0.4500	-0.9807	-0.5046	0.0419	0.7245	0.1611	0.0979	0.1157	-1.2991	0.4331	0.5887	-0.1464	-0.8459	-0.3195	-0.6698	0.5640	-0.4213	0.1834	-0.2075	-0.3329	0.2660	-1.1649	0.1602	0.5687	-0.0530	0.9321	0.0194	0.2493	-0.1557	-0.3838	-0.7323	-0.1893
-0.3956	-0.3664	-0.0768	0.0934	0.2689	-0.3382	-0.6377	-0.4046	-0.4421	-0.1336	-0.1861	-0.5163	-0.3821	-0.7050	-0.9624	-0.1375	-0.8744	-0.1283	-0.8585	0.2565	-1.2020	-0.0757	0.2716	-0.3550	0.1369	0.9661	-0.0292	0.0193	0.2330	1.0346	-1.4120	-0.9625	-0.3633	0.5867	-0.2903	-0.0434	0.2994	0.3940	-0.9746	0.1225	0.0759	0.0029	-0.3830	-0.4775	-0.8549	-0.6951	0.1409	0.0429	-0.1938	-0.7047	-0.0143	0.3088	0.0526	0.0412	-0.1136	-0.2808	-0.2836	0.3966	-0.2421	0.2598	-0.8232	1.4587	-0.4530	-0.0699
0.2785	0.2538	0.2106	0.2118	0.0221	0.0172	-0.3170	-0.0985	-0.2461	-0.2928	-0.1590	-0.7234	-0.0370	0.5966	0.3644	0.0819	-0.1228	0.3752	-0.2142	0.0903	0.3446	0.0664	0.3498	-0.0469	0.5511	-0.1083	0.0568	-0.2065	-0.8051	0.4812	-0.0046	-0.1232	-0.4075	0.3110	0.5840	-0.0706	-0.0674	-0.0015	-0.2107	-0.1988	0.0702	0.2973	0.2759	-0.2333	-0.2840	0.1215	-0.1918	-0.1297	0.1801	-0.0986	-0.0211	0.0070	-0.1488	-0.1288	0.6081	0.2362	0.1170	-0.2221	0.1395	0.0410	0.0547	-0.2754	-0.0680	-0.0905
-0.7321	-0.5117	0.9681	-0.5903	-0.5408	-0.5472	-0.1750	-0.6572	0.6483	0.2992	0.1760	-0.3461	-0.1563	0.0046	-0.3054	-0.0105	0.5695	-0.1699	0.2474	0.3130	0.2962	0.2942	-0.0420	-0.1702	0.4474	0.0366	-0.0075	-0.1970	0.0871	0.4303	0.2464	0.2901	0.3740	0.1431	-0.0860	0.1266	-0.3079	1.3802	0.1230	-0.8496	-0.0549	0.0063	0.3356	-0.1038	-0.0985	0.6849	-0.0883	0.2304	-0.1427	0.3330	-0.3458	0.1080	-0.3857	-1.1475	-0.8424	-0.7491	0.0942	0.5098	0.4583	0.4872	0.2341	0.2161	-0.3406	-0.4381
-0.0026	0.4622	-0.3748	-0.1978	0.6132	-0.0774	-0.3866	0.0785	0.9178	-0.1630	-0.7950	-0.3896	-0.1563	0.0643	-0.0475	0.2092	-0.2482	-0.3975	0.0954	-0.0854	0.1857	0.2626	-0.2386	-0.1587	-0.0199	-0.2315	-0.3789	0.1127	-0.0791	-0.2618	0.4800	-0.0788	-0.0185	-0.0616	-0.1588	-0.0714	0.1968	-0.1798	0.3628	-0.1552	0.1398	-0.3276	0.1855	-0.0299	-0.0235	0.1839	0.4692	0.4723	-0.0232	0.3132	0.3220	0.6513	0.1515	0.2066	-0.2989	0.2208	1.6371	1.3208	-1.0413	-0.1318	-0.1316	-0.1343	-0.0689	-0.4310
0.3843	-0.2380	0.0030	0.1429	0.1570	-0.0602	0.9352	-0.2296	0.8048	-0.0281	-0.5359	0.2269	-0.3426	-0.1141	1.4646	-0.3813	-0.6477	-0.0875	0.4877	-0.0488	0.0878	-0.1730	0.6536	-0.8114	0.5827	-0.4708	-0.2166	-0.2912	0.3236	0.0396	-0.4717	-0.2206	0.7187	0.2466	-0.3357	-0.0893	-0.2329	0.1829	0.2250	0.3753	-0.0236	0.0329	-0.2087	-0.1857	-0.0014	-0.0494	0.1493	0.2629	-0.0154	0.1044	-0.8102	0.3310	-0.0655	-0.4164	0.2740	0.0878	0.1374	-0.2490	0.0067	-0.4706	0.1404	-0.3512	-0.4597	-0.0859
-0.2160	-0.4669	-0.2133	-0.0223	-0.5054	-0.3480	0.8093	0.1332	0.1788	0.0919	0.2327	0.0449	0.0159	-0.2181	-0.0764	-0.0164	-0.3133	-0.1383	-0.0810	-0.1559	-0.2899	0.5169	0.0338	0.1825	0.0534	-0.1397	-0.1018	0.5237	-0.3035	0.4678	0.9681	-0.3646	-0.1616	0.2266	-0.2617	-0.3456	0.9024	-0.2637	-0.1359	-0.2779	-0.1377	-0.2063	0.2875	0.1329	0.2028	-0.2893	0.1322	-0.3691	-0.2363	-0.0943	0.6374	0.2748	-0.1749	0.2002	0.4222	-0.0879	-0.2967	-0.2295	-0.0846	-0.6568	0.2984	0.0232	-0.3203	0.1227
-0.1452	-0.1046	-0.2593	0.3089	0.0318	0.1026	-1.0835	0.1527	-0.4024	0.0816	-0.2885	0.1017	-0.1090	0.1431	0.0793	0.0348	-0.2166	0.0151	0.2199	0.0495	-0.1065	0.1864	-0.2650	-0.2476	-0.0371	-0.4390	0.0773	0.5763	0.8686	-0.0331	0.0627	-0.2202	-0.2723	0.0300	0.1232	0.0784	-0.0524	0.1320	0.0494	-0.2335	-0.0789	0.1281	0.0568	-0.1518	0.0453	-0.0177	0.2593	0.2688	0.0022	-0.0864	0.3816	-0.3136	-0.1246	0.1153	0.1907	-0.0983	-0.5109	-0.3185	-0.0368	0.2996	0.0260	-0.1118	0.1973	0.1023
0.2654	-0.3459	0.1881	-0.0421	0.3937	0.2674	-0.1349	0.0044	0.2025	0.7796	-0.5394	0.9524	0.7295	-0.2501	-0.4773	-0.5157	-0.0649	-2.1326	0.3910	-0.0040	-0.4326	-0.5555	0.1620	0.1629	0.0461	0.0460	-0.0961	0.1650	-0.2426	-0.1117	0.0073	0.3852	-0.3412	-0.0814	-0.6214	0.4589	0.2870	-0.0781	-0.1599	-0.5396	0.5720	0.0236	0.0698	-0.1219	-0.0362	0.0127	0.1209	-0.7850	0.0392	-0.1954	-0.3653	0.0122	-0.1343	-0.2396	-0.2190	-0.0033	0.2387	-0.0097	0.2215	0.1237	-0.3118	-0.0784	0.5227	-0.4534
0.8167	0.2256	-0.4391	-0.5017	0.3844	-0.0586	-0.0041	-0.0640	0.0957	0.5387	0.2502	-0.2290	-0.7951	0.2884	0.2503	-0.0795	-0.0125	-0.1412	-0.6246	-0.1029	0.6973	0.1281	-0.2391	-0.3174	-0.1882	0.0125	0.0654	0.5548	0.3619	0.1709	-0.1001	-0.0592	0.1326	0.3822	-0.0052	0.3232	0.1543	0.6158	0.1723	-0.2912	-0.1578	-0.3501	0.1745	-0.0373	0.3263	0.1727	-0.2750	-0.2182	0.9221	-0.1231	0.6375	0.1886	0.6051	0.2029	-0.2468	0.1819	-0.3651	-0.0947	0.2743	-0.1392	-1.9936	-0.1061	-0.3107	-0.2485
-0.1006	0.4381	-0.1746	0.3138	-0.3725	-0.1098	-0.7561	-0.2826	-0.3807	-0.1356	0.3569	-0.2560	0.3174	-0.5660	0.3750	-0.3520	-0.0901	-0.2811	-0.0027	0.3799	-0.6163	-0.3820	-0.1382	-0.0059	0.0199	-0.0237	-0.5620	1.0032	-0.0066	-0.1777	0.4023	0.5619	0.3157	-0.0057	0.0498	-0.0493	-0.0911	0.2360	-0.2118	-0.3087	-0.4345	0.0393	0.4286	-0.0468	-0.1928	-0.0609	0.5731	0.2207	0.7761	-0.6432	0.2625	0.0292	-0.6915	0.2122	0.0309	0.2306	0.0933	-0.0751	0.3914	0.1181	-0.0947	-0.0895	0.3160	-0.1382
-0.2510	-0.5636	-0.2722	0.8740	-0.2140	-0.7862	-0.8633	-0.1042	0.3156	0.4973	-0.0071	0.8113	-0.9639	0.0337	0.1203	0.2918	0.3454	-0.0603	-0.5211	-0.3740	0.1050	0.0995	1.6371	-0.0679	1.1235	-0.1997	0.2301	-0.1381	-1.0655	-0.3026	0.2355	0.5684	1.0836	-0.3093	-0.1728	0.2291	-1.9569	-0.3470	0.1938	0.2959	-0.0416	0.1506	0.0828	0.6100	0.4945	-0.1010	0.2123	-0.1412	-0.3337	-0.6720	0.1062	-0.0853	0.0084	1.6431	-0.0576	-0.0741	-0.3070	1.6305	0.0519	0.1152	0.5302	0.5249	0.5042	0.3596
-0.0684	0.3790	0.5174	0.2599	-0.1748	0.0666	0.0878	-0.0737	0.0929	0.1434	-0.1353	-0.2013	-0.0425	-0.3162	0.1313	-0.1614	-0.4192	-0.5301	0.1258	0.0313	-0.0067	0.2564	0.0445	-0.1688	0.0261	0.1265	-0.1545	0.0299	-0.1629	-0.2376	0.0743	0.3060	0.4817	0.2814	-0.0698	-0.5226	0.2049	-0.1558	0.2248	0.0998	-0.0745	-0.0737	-0.1497	0.2394	-0.2896	-0.2013	-1.7955	-0.0166	-0.1278	-0.0109	0.1277	-0.3349	0.1277	0.1887	-0.0368	0.0264	-0.0086	0.3596	-0.2917	0.0930	-0.5736	-0.0175	0.0012	0.0899
0.8768	-0.4359	0.0048	0.0819	0.1009	0.2368	-0.0717	-0.0501	0.1659	-0.4447	0.3532	-0.3046	-0.0615	-0.0957	0.7338	0.3603	-0.0572	-0.0286	-0.1216	-0.1447	0.1118	0.3405	-0.6871	-0.6791	-0.1219	0.7606	0.2009	-0.0598	0.2624	-0.3499	-0.1875	1.3924	-0.2755	0.3951	-0.4406	-0.4993	-0.3407	0.4138	0.5028	-0.3733	0.3548	0.0700	0.3761	0.0158	-0.4303	-0.5248	0.0703	0.1552	-0.1830	0.1861	-0.3540	-0.3184	0.0151	-0.4057	0.2987	0.2458	0.3099	0.0914	-0.1713	-0.2843	0.0117	-0.1961	0.0370	-0.8544
-0.2107	-0.0493	0.3283	0.1064	-0.0580	-0.0679	0.3695	-0.0403	-0.1489	-0.1693	-0.0675	-0.0557	-0.3002	-0.1344	0.4485	-0.3673	-0.1706	0.5013	0.1421	0.6036	0.4075	-0.2096	0.0116	-0.2171	-0.0857	0.2975	0.2796	-0.2949	0.4504	-1.2314	0.1965	-0.0432	-0.0382	0.4573	0.0649	-0.1861	-0.0131	-0.4431	-0.6739	0.1951	0.1751	-0.3814	-0.1388	0.3840	-0.0039	-0.0093	0.0527	-0.3851	1.0148	-1.0576	0.3542	-0.0844	0.2370	0.3816	-0.0406	-0.3879	-0.3146	-0.1435	0.0511	0.3644	0.6816	0.0933	-0.3304	-0.7699
-0.0664	-0.4076	-0.0907	-0.0592	0.2045	-0.1247	0.2226	0.0543	0.0087	-0.3631	-0.3701	-0.1001	-0.0227	0.2912	-0.1975	-0.1356	0.0090	0.1871	0.0302	-0.9889	0.2029	0.2106	0.1301	-0.0161	-0.3851	0.0360	0.2842	-0.3968	0.1141	0.6952	0.2048	0.1628	-0.0613	0.4075	-0.4165	0.1162	-0.1125	-0.1892	0.0639	0.3441	-0.1189	-0.1827	-0.2990	0.3693	0.0825	0.2691	-0.1182	0.4937	-0.5950	-0.2741	-0.1437	0.3046	0.0848	-0.0943	-0.0932	-0.1545	-0.4951	-0.0918	0.0492	-0.1327	-0.2202	0.0798	0.1256	-0.1556
-0.2036	-0.0574	-0.6553	0.2561	-0.3453	1.5860	0.5891	0.0840	0.6826	-0.3490	0.0884	1.1952	-0.5833	0.1216	0.8728	-0.3534	-0.3081	0.3210	-0.4154	0.1175	-0.2995	0.0493	-0.1551	0.4128	0.1757	-0.3159	-0.3578	-0.1417	-0.5076	-0.5368	0.0415	-0.0793	-0.6857	0.2546	-0.1567	0.3572	0.2838	-0.0359	-0.1573	0.0461	-1.0390	0.0286	-0.2558	-0.0908	-0.1652	-0.1803	-0.0544	-0.2348	-0.3172	0.1046	0.4852	0.0113	-0.1080	-1.0398	-0.0913	0.9020	-0.1720	0.1200	-0.6523	1.0063	-0.5955	0.0379	0.0454	-0.4660
0.9565	-0.0945	0.1424	-0.0632	-0.2407	0.0021	0.6149	0.4493	-0.1208	-0.3208	-0.8871	0.1122	0.6633	-0.1666	-0.1245	-0.3234	-0.4272	-0.0033	0.6967	0.2777	-0.8071	0.1521	-0.2598	-0.4067	0.4468	-0.8680	-0.7226	-0.7674	0.4530	0.3694	0.0462	-0.1646	0.4643	0.5644	0.0987	0.5360	0.2896	0.0694	0.1496	-0.3044	-0.1560	-0.0340	0.1900	-0.3629	0.4719	0.3895	-0.6526	-0.5548	-0.1749	-0.4785	-0.1692	-0.3591	-0.1269	0.1679	-0.0560	-0.0266	0.1833	-0.1979	0.0324	0.0853	-0.6440	-0.0143	-0.0082	-0.2818
0.1696	-0.0740	-0.3301	1.1029	-0.2099	0.0024	0.0526	-0.5082	-0.1033	0.1509	-0.4866	-0.3482	-0.0562	0.2599	-0.0393	-0.0964	0.3472	-0.2554	0.1169	-0.1590	-0.4259	-0.0591	-0.0929	-0.1211	-0.3900	-0.9341	-0.0604	-0.0346	0.0937	0.2572	-0.0360	-0.2573	-0.0065	0.3955	0.0127	-0.0394	-0.0298	-0.0830	0.4552	-0.3210	0.1872	-0.4001	0.4428	0.8308	-0.1756	-0.1256	0.1270	-0.6989	0.0633	0.0114	0.5238	0.8772	0.4341	0.0440	0.0450	-0.1572	-0.1647	0.5201	-0.0133	0.4896	0.2520	-0.2827	-0.5269	0.2893
0.3244	-0.0971	1.0902	0.2274	-0.2773	-0.3928	0.2723	0.3312	0.7187	-0.1690	0.4029	-0.7188	-0.7008	-0.2563	-0.0779	-0.4597	0.0975	0.0828	0.1477	-0.3449	-0.7378	-0.4001	-0.0871	0.3965	-0.3318	0.7738	-0.1750	-0.3297	-0.0646	-0.3921	0.5767	0.0998	-0.2369	-0.0517	-0.8975	0.0199	0.2420	0.2092	-0.0217	0.0323	-0.0786	0.1174	-0.1551	-0.2414	0.1463	0.6517	0.1564	0.5616	-0.3188	0.1199	-0.4428	-0.1276	-0.7114	0.1763	0.3296	0.2678	0.1022	-0.1569	-0.0037	0.6750	-0.0723	-0.0809	-0.0173	-0.0490
-0.3185	0.0462	-0.0909	-0.1687	-0.1149	-0.3206	-0.8065	0.4180	0.4774	0.4981	0.0252	0.3335	-0.6399	-0.3910	0.2495	-0.0831	0.0136	-0.1384	0.3348	-0.2440	-1.1196	-0.0897	0.0651	0.0862	0.3432	0.2643	-0.3682	0.0503	0.6001	-0.0772	0.1314	-0.3927	0.0244	-0.1450	-0.6232	-0.0078	0.3177	0.0479	-0.0517	0.7775	0.3295	-0.3597	-0.4410	-0.1681	-0.1305	-0.0992	-0.1200	-0.0136	-0.0931	0.0513	0.2002	0.0910	0.3586	-0.2543	-0.1438	0.4291	-0.8825	-1.1969	-0.4040	0.0445	0.2617	-0.1227	0.3229	0.4174
0.1945	0.7563	-0.1067	0.4814	0.0109	-0.2609	0.0033	-0.2085	0.0509	-0.3206	-0.1928	-0.4696	-0.2535	-0.3276	0.1246	0.2813	-0.3368	0.0792	-0.1603	0.3374	0.0810	0.3278	-0.0132	0.3253	0.1421	0.1988	-0.4371	-0.1689	-0.1697	0.2116	-0.0116	0.2258	0.0896	-0.0876	-0.1565	-0.2654	-0.0484	-0.2946	0.0558	-0.1034	0.0392	-0.0192	-0.2883	-0.1176	-0.3914	-0.0804	0.0468	0.2038	0.1339	-0.2149	-0.2159	0.3054	-0.0790	-0.1117	0.2533	-0.4585	-0.7062	0.2674	-0.0907	0.1938	-0.3402	1.0590	0.1503	-0.1834
-0.5236	-0.0301	-0.2659	-0.2293	0.2265	-0.0307	0.1747	0.2802	0.6235	0.4044	0.7317	-0.0771	0.3192	0.3496	-0.2905	-0.3192	-0.1209	1.0566	0.2224	0.1253	-0.3268	0.0420	0.0292	-0.4213	-0.1634	0.0157	-0.0899	0.0530	-0.2748	0.1702	0.4315	0.2310	0.0732	-0.5833	-0.2304	0.2268	-0.3384	0.3891	-0.1483	0.0780	-0.0762	0.4537	0.1001	-0.7130	0.1777	-0.0550	-0.0114	-0.0301	-0.3487	-0.4647	0.3465	0.2872	-0.0322	0.0244	0.4512	0.4665	-0.1965	0.0048	0.4897	-0.1630	-0.1142	-0.0218	-0.1803	-0.5231
-0.0906	0.4599	0.0814	0.2305	0.1137	0.0870	-0.5181	-0.1590	0.1293	-0.3615	-0.1026	-0.0676	0.2989	-0.2279	0.1706	-0.3634	-0.3975	0.1440	0.5059	-0.0600	0.0294	-0.3587	-0.2555	0.1085	-0.2188	0.3086	0.0456	0.1754	0.0854	0.1583	-0.0976	-0.1666	-0.0352	0.1571	-0.0130	-0.6218	1.0127	0.3833	0.0467	-0.3173	0.3035	-0.1306	0.2600	-0.2868	0.6787	-0.1411	-0.2937	0.1423	-0.0315	0.3374	-0.1452	0.1516	0.0360	-0.0423	-0.1139	-0.1463	-0.2148	-0.0577	0.2042	0.0127	-0.3659	-0.1211	0.0129	0.1638
0.0319	-0.0600	-0.6265	-0.4361	0.0667	0.1712	-0.3836	-0.3329	-1.1741	0.3433	0.3923	-0.3674	0.2660	-0.0314	-0.0001	-0.3520	-0.2093	0.3982	0.5198	0.3022	0.3619	0.7712	-0.0005	-0.2421	0.3897	-0.4932	0.0611	-0.2423	0.2096	-0.2814	-0.5803	-0.3124	0.3996	-0.5614	1.0333	-0.6148	0.1462	-0.0615	0.2599	-0.4051	0.1306	0.0911	0.3456	-0.0606	-0.0499	-0.5946	0.8133	-0.0844	-0.3431	-0.0370	-0.1268	0.0468	0.3928	-0.8238	-0.4301	0.1968	-0.2281	0.1034	0.0593	-0.3317	0.3799	0.1097	0.3285	0.3882
0.1530	-0.0962	0.2101	0.5667	0.5266	0.4564	-0.3771	-0.5952	0.1271	-0.0543	0.4994	0.1289	0.2496	0.0340	0.2197	0.9730	-0.1022	-0.1122	-0.0000	-0.0368	0.3362	0.1998	0.0094	0.4859	-0.3377	0.2693	-0.4863	-0.4684	0.3131	-0.1017	0.0461	-0.3483	-0.3850	0.0614	0.0222	0.2165	-0.0765	0.2035	-0.5562	0.2126	-0.1413	0.7148	-0.2452	0.1031	0.8458	0.3655	-0.1210	-0.0586	-0.3915	0.0010	0.4030	0.3901	0.1564	0.9505	0.2615	0.0752	0.0443	0.2113	0.1247	-0.0684	0.0107	-0.1064	-0.3416	-0.2685
-0.5714	-0.5964	0.2256	-0.0866	0.0795	0.0647	0.5175	1.2037	0.1271	-0.0600	0.6305	0.2159	0.2154	0.2893	-0.0186	-0.1049	-0.1561	0.4301	0.2820	0.9697	-0.3881	0.7637	-0.1490	-0.0638	-0.9880	-0.0747	0.1282	-0.0140	-0.1797	-0.1779	-0.4273	-0.2355	0.9431	-0.9590	-0.8228	0.7254	-0.1981	0.2905	-0.1918	0.0609	-0.0376	0.3431	-0.4278	-0.1280	0.4224	-0.4234	-0.1923	0.1624	0.0282	0.0519	0.6460	-0.6747	0.1079	0.5004	-0.2863	0.2961	0.4155	-0.3348	1.8521	-0.3963	-0.5072	0.0146	-0.0057	-0.2655
-0.4540	-0.5529	-0.5770	0.7193	-0.0058	-0.0091	-0.4326	0.0164	0.2153	-0.0725	-0.0856	-0.1900	-0.3580	0.2156	0.8081	0.0441	0.3921	-0.4376	-0.0168	-0.6603	-0.1078	0.5072	-0.1212	-0.0504	1.3585	1.2981	0.4515	-0.0728	1.0582	0.4138	0.4326	-0.9420	0.0522	0.1281	0.2657	0.3471	0.0956	-0.3061	0.7234	0.1551	-0.1223	0.7421	-0.1648	0.2858	0.3925	0.1520	0.0604	-0.1187	-0.4181	-0.1390	0.4269	-0.3214	0.3655	-0.1748	0.1460	0.0268	0.4128	-0.6319	0.5011	0.0655	0.2711	0.0473	1.9425	-1.1463
-0.6078	-0.1491	-0.0506	-0.1294	-0.1749	0.0804	0.2065	0.1798	-0.0591	-0.2146	-0.0977	-0.1945	0.5030	0.0034	0.1126	-0.0143	0.3186	0.1188	0.0467	-0.0025	0.4211	-0.2185	0.2541	-0.0930	-0.0495	0.1928	0.1444	0.3109	0.6949	0.2351	-0.6165	-0.0301	0.1554	0.6760	-0.0333	-0.5336	1.2336	0.5725	0.0969	-0.1798	0.1505	-0.2465	-0.0885	0.1930	0.0433	-0.0731	0.5164	-0.2672	-0.1144	0.6417	-0.0065	-0.0754	-0.1052	0.5153	0.5454	-0.3084	-0.0462	-0.0483	-0.2819	0.0600	-0.3224	-0.3016	0.3601	0.1579
-0.3431	0.3092	0.1993	0.2875	0.0925	-0.0180	-0.4636	0.2407	0.3266	-0.4012	0.8072	-0.6267	0.3035	0.1759	0.0055	0.1806	-0.1341	0.4479	-0.3069	-0.2584	-0.4223	-0.7594	0.2747	-0.8425	-0.0183	-0.0039	-0.0271	-0.3310	-0.1161	-0.6582	-0.3523	-0.4071	0.5702	-0.2654	-1.1338	-0.3059	0.1576	-0.3804	-0.0983	-0.9475	-0.3418	0.2740	0.0610	-0.1423	-0.1259	0.4182	0.1916	-0.6645	-0.5250	0.1775	-0.2414	-0.0270	0.3654	-0.1942	-0.1719	-1.0328	1.3118	-0.1927	-0.9811	0.0720	0.0484	-0.0740	0.2968	0.1382
-0.3008	1.4290	-0.4782	0.2611	-0.9888	-0.5649	0.5462	-0.1768	-0.4139	0.2648	0.2680	0.3898	-0.5139	0.2900	-0.0461	0.0086	-0.9095	-0.0219	-0.7745	0.1717	-0.3789	-0.0950	-0.9776	0.3408	0.3605	-0.2036	-0.2438	0.1693	-0.1789	-0.1011	-1.0962	-0.6080	-0.0201	-0.2963	0.0817	-0.3247	0.0440	-0.0948	0.1394	-0.2842	0.5484	0.3266	-0.5397	0.1667	0.6570	0.5572	0.0671	-0.0532	0.0087	0.5805	-0.4887	-0.2556	-0.3233	0.3922	-0.3357	-0.4714	0.0913	0.2727	0.1168	-0.1366	0.1153	-0.2998	-0.1569	-0.4501
0.1302	-0.1377	-0.1006	0.4098	-0.1851	0.0735	0.2593	0.4583	-0.3567	-0.1002	-0.1368	-0.1265	0.0297	0.1221	0.2183	-0.4601	0.4573	0.2245	0.1953	0.3316	-0.1546	-0.7238	-0.1021	-0.1922	-0.2049	0.1968	-0.2741	-0.3159	-0.2214	0.1465	0.5564	0.0402	0.7362	-0.0727	-0.2194	-0.3416	0.1244	0.1437	-0.2292	0.6493	0.4914	-0.0955	0.2077	0.3793	-0.6894	0.1589	-0.0553	-0.5709	0.3030	-0.6509	-0.1905	1.1718	0.9631	-0.2729	-0.0527	0.4791	-0.1332	0.7755	-0.1202	0.1491	0.1625	-0.4288	-0.3022	-0.3563
-0.1547	0.2640	-0.0261	-0.2388	0.3307	-0.0616	-0.9231	-0.0424	0.2791	0.3056	0.0378	-0.1949	0.1369	0.4070	-0.3281	0.0448	0.2631	-0.1410	-0.0804	-0.5358	-0.3568	0.3271	-0.2809	-0.3052	0.3598	-0.0531	-0.4722	-0.5329	0.3822	-0.1427	-0.0220	-0.2937	0.1365	-0.2085	0.3623	-0.4321	-0.1633	-0.2045	0.1386	0.3015	-0.5338	-0.0942	-0.0464	-0.0913	-0.1116	0.1592	-0.4567	-0.0465	-0.3324	0.3010	-0.4967	0.1489	0.5294	0.0482	0.7630	-0.3940	0.0426	-0.5124	-0.1966	0.3560	-0.2952	-0.2461	-0.7639	0.2533
0.1300	0.0654	-0.1547	0.1133	0.2746	-0.1743	0.1330	0.6378	0.0840	0.0362	0.1888	-0.1563	-0.2019	-0.2526	-0.1417	0.1799	-0.2586	0.0583	0.2086	-0.0941	0.3040	-0.0960	0.1414	0.2288	0.0258	-0.0914	-0.0877	-0.1878	0.1487	0.1793	0.3690	-0.2866	-0.0542	-0.1424	0.1321	-0.2022	-0.0688	0.0790	-0.0102	-0.4111	-0.4885	0.0923	-0.0038	0.4396	0.3166	-0.4468	-0.3384	0.0952	0.2068	0.0897	0.0211	0.1449	0.0253	-0.2248	0.3150	0.0541	-0.0233	0.2943	-0.2667	0.1496	-0.0045	0.0608	0.1245	0.2368
-0.0344	-0.8306	0.6634	-0.3355	-0.6598	-0.1059	-0.2976	0.0906	0.2585	-0.0202	-0.4588	-0.6608	-0.2850	-0.2395	-0.3165	-0.1698	0.1509	-0.2808	-1.1555	0.0568	1.3710	0.3916	-0.1020	0.3166	-0.6562	-0.5464	0.0127	0.0913	0.0764	-0.2074	-0.1346	-0.3761	0.2947	-0.0261	-0.0324	0.3441	0.0249	0.0204	0.0852	0.7557	-0.1373	0.0788	1.0226	0.1605	-0.0944	-0.3678	0.0442	-0.8847	-0.0626	0.0358	-0.2804	-0.0445	-0.2302	-0.2077	0.7292	0.0524	0.1760	-0.4465	-0.5531	-0.6037	-0.0455	0.7674	0.2222	-0.1160
-0.1920	-0.3582	-0.1136	-0.0041	-0.2602	-0.4622	-0.7823	0.2233	0.1715	0.1010	-0.6776	-0.0575	-0.1971	0.0382	0.2266	0.1697	-0.3757	-0.0538	0.2418	0.6056	0.3203	-0.2357	-0.0028	0.1943	0.2546	0.0178	-0.2297	-0.2114	0.0954	-0.0916	0.1484	0.2934	0.2968	0.1471	-0.2613	-0.1989	1.2901	0.3920	0.0579	0.2891	0.1237	-0.5809	-0.1007	-0.1507	-0.0088	0.2491	0.2319	-0.5789	-0.7863	0.2761	0.4534	-0.4374	-0.2189	0.0401	-0.0731	0.3774	-0.2278	-0.0551	0.4110	0.2421	0.1708	-0.0993	-0.1704	0.3575
0.3418	0.4325	-0.2554	0.2579	0.4824	-0.0937	-0.2345	-0.7603	0.2561	0.5951	-0.1677	0.0779	0.1134	0.1901	-0.4734	0.5084	0.4175	0.7091	-0.6497	-0.1828	-0.1226	0.2881	-0.7317	0.2893	-1.0938	0.8712	0.4695	0.2160	-0.4348	-0.2737	0.0422	0.2428	0.3297	-0.0310	0.0226	-1.0104	-0.0735	-0.4855	0.2807	0.5510	0.2947	-0.0723	0.1574	-0.1137	0.1717	0.1905	0.6891	-0.1504	0.0363	-0.3552	0.0494	-0.1234	0.4911	-0.6359	-0.9132	0.5423	0.0451	0.0111	0.4513	0.6330	-0.3166	-0.0821	-0.2537	0.3774
-0.4699	0.6874	-0.1186	-0.7538	0.7337	0.5819	-0.5537	0.0344	0.3445	0.4983	0.4450	0.3596	-0.2123	-0.3244	0.1054	0.2985	-0.8071	-0.0058	-0.3908	0.5419	0.0327	-0.2308	0.6324	0.2777	0.2471	0.9755	-0.3004	0.2389	0.0229	-0.2237	-0.1519	0.2081	0.1406	-0.0840	0.0379	0.0298	0.3681	0.0950	0.0613	0.0958	0.0389	-0.0142	-0.6986	-0.0387	-0.3472	-0.1077	0.3647	0.5033	0.3100	-0.7826	-0.1031	-0.1197	0.1980	0.2482	-0.3649	-0.0938	-0.5998	-0.2064	-0.0891	0.1899	0.7963	-1.7620	0.4096	-0.2413
-0.2974	-0.5924	0.5552	0.5963	-0.1116	-0.1758	0.1287	0.2685	0.3445	0.0173	0.0224	0.0654	0.8476	0.0018	-0.0662	-0.0812	0.1465	-0.0743	0.4384	0.0650	-0.0691	0.1352	-0.3268	0.0390	-0.1086	0.0305	0.3689	0.1153	0.0381	-0.2772	0.0266	-0.0112	-0.0818	-0.3052	0.0934	0.1959	0.1934	-0.3948	-0.1354	-0.1972	0.0180	0.1480	-0.1976	-0.0758	-0.2232	-0.0476	0.0951	0.1244	0.1773	0.2208	-0.1059	0.0667	-0.0610	-0.4306	-0.1882	-0.2302	-0.3232	-0.1501	-0.1868	0.0066	-0.0147	0.0375	-0.4066	-0.1408
0.5572	-0.0352	-0.0575	0.6047	-0.2967	-0.2891	-0.8561	0.3089	0.1780	-0.0231	0.2956	-0.9360	-0.0606	-0.0298	-0.0234	1.5026	-0.2693	0.4346	0.2394	0.1314	-0.7938	-0.4647	-0.4771	0.2741	0.0021	0.0368	-0.5783	-0.3338	-0.3204	-0.7684	-0.0942	-0.7525	-0.8593	1.1901	-1.2258	0.7922	-0.1721	-0.3311	0.2724	-0.1932	-0.0409	0.0854	0.0184	0.1972	-0.3146	0.2194	-0.1297	0.1497	0.0686	0.6481	0.0857	1.7321	0.1725	0.9354	-0.9577	-0.1849	-0.2673	-0.8558	0.1184	0.3836	-0.2436	0.2320	0.0418	-0.2030
0.1749	-0.2318	0.7513	-0.3228	0.3064	0.0922	-0.5134	-0.3190	-0.0909	-0.0630	0.1170	0.5470	-0.2939	0.4098	0.2420	0.3119	-0.0168	0.2672	-0.3060	0.3323	-0.5348	0.6801	0.1105	0.2429	-0.3283	-0.3619	0.0126	0.0512	0.7192	-0.2192	0.1108	-0.0007	0.0078	0.2930	-0.0858	-0.0960	-0.1210	0.0235	-0.2529	-0.2760	0.0142	-0.3632	-0.1051	0.0604	-0.2924	-0.2462	0.0461	-0.1679	0.0534	0.3808	-0.8129	-0.0481	0.7800	-0.0569	0.0655	0.0191	0.0266	0.2647	0.0724	0.0692	0.1421	0.1953	0.3680	0.0187
-0.1254	0.0116	0.0944	-0.5095	-0.3864	0.0616	-0.2953	-0.1206	0.1498	-0.0713	-0.3403	0.1402	-0.5380	-0.0006	-0.3672	-0.1231	0.0139	-0.2669	-0.3232	-0.1934	-0.1852	0.0476	-0.1367	0.0081	0.0817	-0.2139	0.5636	0.2714	0.2314	-0.2689	-0.1451	-0.2230	-0.1777	-0.4566	0.2138	-0.0776	0.2615	0.0300	-0.0823	-0.2254	-0.1961	-0.2140	-0.4408	-0.0968	-0.1313	-0.2256	-0.1806	0.1739	-0.1426	-0.4187	-0.1096	0.0034	-0.4129	0.0386	-0.3589	-0.0261	-0.1646	-0.4454	-0.6184	-0.0565	-0.0577	0.2560	0.1644	-0.2138
0.0857	-0.2392	-0.3452	-0.0311	0.7122	-0.4145	0.0713	-0.0131	0.1521	0.0146	0.0117	0.2236	0.3062	-0.5144	-0.1413	0.1860	0.0613	-0.0610	0.0531	-0.6867	0.1331	-0.2206	-0.2280	0.2939	-0.3603	0.0044	0.2663	0.0101	-0.8599	0.0969	-0.4670	-0.3341	0.3503	0.9545	0.0386	-0.0082	0.1623	-0.1145	0.2838	-0.0471	-0.3089	0.1319	0.8482	-0.2159	-0.1291	-0.6470	-0.2579	-0.1189	-0.2537	0.0820	-0.4240	-0.4099	-0.4101	-0.0307	-0.0087	-0.0207	-0.5093	-0.6610	0.1072	-0.0487	0.0147	-0.0629	0.3139	-0.0152
0.0610	0.7587	-0.1261	-0.1825	-0.0176	-0.1691	-0.5162	-0.3331	-0.2244	-0.3207	0.6888	0.1267	0.0205	0.4969	-0.0105	-0.3999	0.4297	0.5029	-0.4211	-0.9581	0.3419	-0.6027	-0.6039	0.0166	-0.2128	-0.1806	-0.0115	-1.1471	0.1576	-0.1200	1.8245	0.1126	-0.3542	-0.2092	0.0051	1.3174	0.4212	-0.3125	-0.3180	-0.0524	0.1111	-0.7825	0.5084	0.1881	0.1234	-0.4675	0.0006	-0.1430	-0.0495	-0.0586	0.2753	-1.1361	0.1482	0.3064	-0.7194	-0.3773	0.0626	0.3120	0.0469	-0.4894	0.6977	0.5229	-0.1345	-0.4120
0.4256	0.3493	-0.6716	0.4049	-0.2445	-0.0680	-0.1066	0.0192	0.3807	-0.0424	0.2278	0.7743	-0.4265	0.8143	-0.0397	-0.0735	-0.0290	-0.4194	1.0723	-0.1230	0.0123	0.0458	0.5309	0.1199	-0.3897	0.2709	-0.3991	0.2406	-0.2824	0.2050	-0.3283	0.0961	0.2726	-0.0220	-0.7284	-0.0914	0.1967	0.5990	-0.0421	0.7909	-0.4150	-0.3967	0.1302	-0.1196	-0.4016	0.2278	-0.7329	0.1776	-0.1974	-0.6041	0.0113	-0.1263	0.1697	1.7212	0.4331	-0.0070	0.3532	0.1094	-0.8989	0.3310	0.2739	0.5924	0.4909	-0.2291
-0.1035	1.5194	0.1388	-1.1977	0.1884	-0.3653	0.0370	-0.1114	0.2248	-0.2933	-0.9041	-0.1704	-0.1391	-0.4821	0.9004	0.3431	1.0655	0.3007	0.3838	0.1059	-0.7046	0.0918	-0.0372	-0.4375	-0.1542	0.2599	0.3449	-0.9928	0.3621	0.1462	0.2731	-0.2455	-0.6970	-0.1297	0.1486	-0.7392	-0.3818	-0.5621	-0.2190	0.4738	1.1209	0.6417	-0.0474	0.3088	0.2881	0.4100	0.4489	-1.1859	-0.5536	-0.1087	0.2714	0.1680	-0.3030	-0.2422	-0.1743	0.5978	-0.5735	0.1131	-0.0586	0.0746	-0.9389	0.7944	0.3173	1.2584
0.2277	-0.4286	0.0199	-0.0516	-0.2107	0.3043	0.0550	-0.0929	0.0257	0.1177	1.1013	-0.0569	-0.1335	-0.1753	0.0111	-0.2561	-0.0079	0.1302	-0.4527	-0.2342	-0.3223	-0.1185	0.1714	0.0181	0.0070	-0.0657	0.1871	0.2691	0.4223	-0.0509	-0.4168	-0.1318	-0.0482	-0.0889	-0.0243	-0.1766	-0.0453	-0.0701	-0.4449	-0.2220	-0.3591	-0.6300	-0.3473	0.1753	-0.2699	-0.2151	-0.0372	-0.5089	-0.2645	0.3193	-0.4450	-0.5146	-0.1698	0.5816	-0.0948	-0.2414	-0.2106	-0.0490	1.5918	0.4045	-0.2391	0.0024	0.7207	0.1418
0.1474	-0.4400	0.5231	-0.5518	-0.7769	-1.1716	-0.4391	0.9384	0.6137	0.3435	0.7218	0.0442	0.0507	0.7600	0.3365	1.3107	-0.2633	-0.2278	-0.1318	1.7869	-0.1729	-0.5429	-0.0170	-0.1263	0.5306	0.2311	0.0400	-0.7346	0.7663	0.6715	1.0758	-0.0774	0.4412	0.5407	0.5398	-1.7261	0.7426	1.1342	0.5656	0.7991	0.2543	0.3823	-0.6585	0.3539	-0.1263	0.1853	0.2375	0.3529	0.9682	-0.0668	0.2060	-0.3573	1.0609	-0.3269	-0.4447	-0.6022	0.4920	0.3568	0.6542	0.2941	0.7421	0.2626	-0.1639	-0.2080
0.1256	0.0175	-0.1053	0.9138	1.0999	-0.3646	-0.0191	0.0989	0.1969	0.3825	-0.0839	-0.2224	0.0925	0.0096	-0.3412	0.2781	-0.0254	-0.0451	0.0513	0.2183	0.4531	-0.4667	0.8434	-0.9133	0.5865	-0.0512	-0.3577	0.1361	-0.8331	-0.0834	-0.0604	-0.0675	-0.3315	0.1182	-0.2085	-0.4496	-0.1987	0.1251	0.2277	0.2621	0.0233	-0.0984	0.0017	0.0946	0.0019	0.0321	0.3156	-0.0147	0.0882	-0.3688	-0.0956	-0.2802	-0.3569	0.1533	0.1704	-0.2011	0.1145	0.0298	0.3146	-0.2730	-0.0473	-0.1040	-0.0841	0.6883
-0.2095	-0.0204	0.2631	0.0135	0.0331	-0.0568	-0.7759	-0.1174	0.3133	0.1152	0.0811	-0.5062	0.7321	0.0971	-0.1875	0.3038	-0.2456	-0.1826	0.4875	-0.3662	0.3808	-0.6470	-0.0347	0.3111	-0.2281	-0.4626	0.3160	0.0209	0.6381	0.4161	-0.4457	-0.0635	0.2744	-0.2857	-0.1084	0.0531	-0.1355	-0.2794	-0.5314	-0.2170	0.8791	-0.0028	0.2696	-1.1352	0.6945	-0.0234	-0.4537	0.0313	0.4119	-0.2628	-0.3457	0.3760	-0.5749	1.0797	-0.1667	-0.0485	-0.4200	0.5378	0.2124	-0.3377	-0.0322	-0.1327	-0.6296	0.3525
0.0331	-0.1138	-0.5372	0.1406	-0.9198	0.1317	-0.3352	-0.1114	0.1247	-0.1674	0.1223	-0.2056	0.1426	0.1815	-0.2708	-0.1413	-0.1975	-0.0764	-0.3372	0.0772	-0.6667	0.3849	0.1007	0.1359	-0.2154	-0.0696	-0.0216	0.0326	0.2046	-0.0164	0.3198	0.3655	0.1068	0.1811	-0.0216	-0.0909	0.1561	0.0394	-0.3133	-0.4206	0.0215	0.2674	0.6007	0.3357	-0.0784	1.5181	0.4396	0.2519	0.1242	-0.3533	0.4302	-0.4447	-0.5858	-0.2652	0.0645	-0.0072	-1.0469	-0.1894	-0.1056	-0.0155	0.0164	-0.1649	0.2805	0.4141
1.5791	1.0755	-0.2718	-0.4075	-0.2696	-0.4953	0.4613	0.1963	0.0920	0.5389	-0.2137	-0.3369	0.6619	0.7517	-0.6034	0.3068	0.1758	-0.1975	1.5052	-1.0566	-0.1073	-1.3279	0.5249	0.5789	0.6812	0.4459	0.3753	0.0289	0.3864	0.3319	-0.2285	-0.2135	-0.0118	0.3112	0.0483	-0.4973	-0.3987	0.0034	-1.1426	0.5936	-1.9233	1.0238	-0.5405	0.7955	-0.4702	0.1823	0.4242	0.3788	0.5488	0.3032	-0.2659	-0.6816	0.2758	-0.1440	-0.8425	0.0221	-0.4606	0.9228	-0.0607	0.1302	0.2969	-0.0958	-0.4368	-0.4632
0.8870	0.4650	0.1201	0.4687	-0.2121	-0.0664	0.0666	-0.1774	-0.1719	0.4547	-0.6251	0.1370	0.4872	-0.4710	-0.1241	-0.0751	0.3174	0.1461	0.0611	0.1292	-0.1316	0.3280	1.3091	-0.1374	-1.4850	-0.6546	0.4828	-0.3356	0.4279	0.0208	-0.3192	-0.2408	-0.0780	0.1397	-0.1598	-0.0853	0.1002	0.0630	0.4537	-0.1639	0.9926	-0.0286	0.0226	0.1706	-0.4178	-0.3870	0.1586	0.1944	-0.0137	0.6143	-0.1563	-0.3349	1.6325	1.1861	0.5065	-0.2965	0.0892	0.1858	0.3271	-0.1287	0.4111	-0.1623	-0.1514	0.2169
-0.1420	0.1013	0.6013	-0.2417	0.0756	0.2333	0.0309	-0.1171	-0.0054	0.1543	-0.0683	-0.0070	-0.1393	0.1544	0.1579	0.4213	0.1236	-0.0905	0.3665	0.0127	-0.2477	0.3247	0.3514	-0.0506	0.0131	-0.0950	-0.1578	0.3723	-0.0443	0.2899	0.8578	-0.0368	-0.1193	0.0581	-0.1077	0.0760	0.2190	0.0006	0.2166	-0.0121	-0.3393	0.2326	0.1568	-0.1748	-0.0098	0.0216	-0.0489	0.0585	0.0478	-0.1904	-0.0870	0.4043	0.0305	-0.2381	-0.2216	-0.0938	0.5168	-0.0277	-0.0676	-0.0639	-0.0745	-0.0558	-0.0631	0.0271
-0.0456	0.4013	-0.1325	-0.2642	0.1130	-0.6012	-0.0214	0.3847	0.1181	-0.1466	0.0956	-0.0537	-0.1604	-0.1079	0.2394	-0.2514	-0.0156	-1.0716	0.0988	0.0872	0.2344	-0.2846	0.5601	-0.3584	0.1328	0.1547	0.1231	-0.0255	0.0151	-0.0225	0.2731	0.1393	-0.0775	-0.0183	0.2346	0.3302	-0.3523	0.7024	-0.5690	-0.9572	-0.3529	0.2820	-0.2268	0.4669	-0.5407	-0.3181	-0.2685	-0.3530	0.2689	1.2713	0.2503	-0.1264	-0.0356	0.0123	-0.5297	-0.3526	-0.3311	-0.0195	-0.4248	-0.4638	0.1892	-0.0263	-0.0635	0.4051
0.0979	0.6467	0.1025	-0.0276	0.0948	0.5389	-0.2154	-0.1224	0.5024	-0.1046	-0.2074	-0.3435	-0.2319	0.6697	0.0960	0.1261	0.1830	-0.6745	-0.0377	0.3462	-0.0303	-0.0282	-0.3060	0.0956	-0.0667	0.0408	0.0523	-0.1713	-0.2593	0.0625	-0.1652	0.0879	0.0273	-0.0734	0.0460	-0.0208	-0.0171	-0.0432	0.1530	-0.2193	-0.4858	0.0370	-0.2889	-0.1197	0.0787	-0.3595	0.0699	-0.3490	-0.1348	-0.2522	0.1982	0.0046	-0.2406	-0.0615	0.0619	-0.1861	0.0520	-0.1130	0.8941	-1.5210	0.2457	-0.0084	-0.2277	-0.2130
-0.0541	0.1254	-0.5614	0.2751	0.4853	-0.0843	0.1773	0.1614	-0.1737	0.4530	0.4910	-0.1803	0.3742	0.6900	-1.0390	0.1787	0.1235	-0.1296	0.3450	0.8063	-0.4079	-0.0891	-0.3686	0.7339	0.1409	-0.1110	-0.0205	-0.1392	-0.6520	-0.8064	-0.2377	-0.3666	0.2304	-0.8224	1.9316	-0.2124	0.7665	-0.0062	0.2088	0.4575	-0.2142	-0.1606	0.7455	-1.3061	-0.2031	0.0863	0.1632	-0.2440	-0.2946	0.3576	-0.0303	-0.2170	0.8870	1.0973	-0.2344	0.1627	-0.4149	0.0223	-0.1346	0.0761	0.0758	0.5571	0.6450	0.2342
0.4322	-1.3203	0.0331	-0.5056	0.4953	-0.5070	-0.0991	0.1399	-0.6609	-0.3193	0.3844	-0.0333	0.0293	0.1646	-0.1563	-0.3912	-0.0663	0.1869	-0.5169	-0.6320	-0.0886	-0.7540	-0.0745	0.2102	-0.0494	-0.2096	0.6004	0.1455	-0.0857	0.9290	-0.3261	0.6277	-0.4636	0.6432	0.8960	0.0609	0.2884	0.0349	0.8709	-0.0096	-0.1825	0.1354	0.2513	-0.5762	-0.2643	2.0955	0.3422	0.3287	-0.2176	1.4084	0.2389	0.1999	0.3852	0.5443	0.0421	0.0471	-0.2931	0.2212	-0.8402	0.0086	-0.6240	0.0344	0.5633	0.4901
0.2229	0.0409	-0.1058	0.1101	-0.6624	0.1180	0.0364	-0.1182	-0.1929	-0.1906	0.3372	0.1664	0.1964	0.1059	0.3748	-0.0637	-0.1320	0.5157	-0.0648	0.2506	0.2994	-0.3026	-0.5651	0.0967	-0.1230	-0.2134	-0.1368	-0.1792	-0.2412	-0.3619	0.0708	0.9404	-0.5006	-0.1508	-0.1369	-0.0690	0.2001	-0.1254	1.0451	-0.3409	0.2730	-0.1183	-0.1828	0.5803	0.0339	0.0043	-0.2716	0.0101	-0.4410	-0.1159	-0.2251	-0.1823	0.2760	-0.5136	-0.2053	0.3618	-0.0688	-0.5518	-0.0028	-0.6008	0.0164	-0.0664	0.4420	-0.1465
0.0755	-0.2140	0.5842	-0.1126	-0.2610	0.3750	0.3222	0.0148	0.1697	0.0169	-0.1225	-0.0691	-0.0237	-0.2338	-0.0887	-0.1580	-0.0359	-0.1998	-0.2489	-0.4251	0.0640	0.2437	-0.6417	-0.9161	0.5045	-0.1253	-0.0564	0.1535	-0.8263	0.1800	0.5332	-0.0481	0.0090	0.0770	0.1849	-0.0611	0.6085	-0.4788	-0.0889	0.0182	-0.2313	0.2403	-0.2856	-0.4914	0.0979	-0.0424	0.5124	0.4806	-0.0842	0.1648	0.4049	-0.0850	0.4912	1.2451	-0.3251	0.1324	-0.7443	0.0570	-0.3630	0.0860	0.1407	-0.0178	-0.2428	0.1994
-0.2257	0.0657	-0.1242	-0.7134	-0.2346	-0.4878	-0.0229	-0.7426	0.1807	-0.4913	0.0433	0.0375	0.0560	0.2091	0.4095	-0.2704	0.0289	0.0218	-0.4111	0.3353	-0.2048	0.1469	0.5004	-0.1634	0.4693	-0.2770	0.6595	-0.5629	-0.4003	0.2863	0.1023	0.2275	-0.4043	0.0418	-0.0149	0.6759	0.2447	-0.5615	-0.0716	0.1929	-0.2123	0.3967	0.4934	-0.3383	-0.2435	0.2863	1.2585	-0.3087	0.5553	-0.2843	-0.5425	-0.2389	0.3400	0.7344	-0.0906	0.1160	0.1021	-0.2563	0.1693	-0.0262	-0.1433	-0.0699	-0.4350	-0.5150
0.0911	0.2207	0.0947	0.0874	0.3037	-0.1421	0.2616	-0.0583	-0.3778	-0.2158	-0.1907	0.2522	-0.8082	0.1010	-0.2127	0.1150	-0.0453	0.4276	0.7464	0.1095	0.1796	0.4989	-0.4385	-0.0465	0.4900	-0.1745	-0.1726	0.1084	0.0990	-0.0236	-0.4082	-0.3525	0.4157	-0.1010	-1.7466	-0.2723	0.2284	-0.2020	-0.3899	-0.4621	-0.0238	0.2817	0.2551	0.0197	0.1590	-0.1747	0.8558	-0.3624	-0.1971	-0.1922	0.2896	-0.6624	0.5486	-0.0156	0.0051	-0.7125	0.4615	0.0623	0.1673	0.0296	0.1837	-0.2180	-0.2461	0.0966
0.3137	0.1012	-0.1547	0.0575	0.0474	0.3074	0.9408	0.5081	-0.3477	-0.3437	0.2087	0.4610	0.0141	-0.1480	-0.2537	-0.2858	-0.5520	-0.3204	-0.0518	-0.0416	0.0771	-0.1531	0.4213	-0.0319	-0.2464	0.3111	0.7833	-0.0874	-0.1381	-0.3830	0.1933	-0.0492	-0.1263	-0.1847	-0.3851	-0.3052	-0.0672	0.3174	-0.0260	0.3409	0.2871	-0.1966	0.5902	0.0685	-0.0605	0.1654	0.0936	-0.5319	0.3597	-0.0118	-0.4706	0.9492	-0.1164	-0.0960	-1.0591	-0.2785	0.1129	0.5609	0.0919	0.1642	0.0244	-0.0241	0.2852	0.0424
0.0078	-0.2199	0.1502	-0.4853	-0.0995	0.2615	-0.2481	-0.0094	0.0451	-0.0895	0.0465	0.2684	-0.1917	-0.0414	-0.0514	0.0131	0.1782	-0.1255	0.0671	0.1827	0.0054	-1.6289	0.0052	-0.1241	-0.7869	-0.1404	0.6767	-0.1046	-0.1432	-0.2483	-0.4453	-0.2250	0.3575	-0.2586	0.1375	0.0480	0.0902	0.3034	0.3556	-0.4102	-0.1725	0.6758	0.2068	0.1419	0.1435	-0.0058	-0.1417	0.0073	-0.0952	-0.1510	0.4979	-0.2331	-0.1112	0.2347	-0.1538	0.3646	0.3453	-0.1211	-0.1817	0.1487	0.3271	-0.0941	0.1035	0.0540
-0.0455	0.3113	-0.2306	-0.0056	-0.3718	0.0677	0.1811	0.0199	-0.0558	0.3715	0.1490	0.0868	0.1224	-0.3211	0.2029	0.0950	0.1599	0.4877	-0.3120	-0.0151	-0.1768	0.0254	-0.4402	-0.2298	0.5921	0.4999	0.1698	-0.6353	-0.1257	0.2668	-0.5915	-0.1592	-0.1180	-0.1348	0.2101	0.3337	-1.2877	-0.1483	0.8309	-0.2467	0.0474	-0.1741	-0.0647	-0.1189	0.4888	-0.2199	-0.1549	0.2668	1.3824	0.6648	0.0024	-0.0580	0.0097	0.2600	0.4342	-0.1953	0.1048	0.0272	0.1331	0.2516	0.2772	0.0935	-0.3774	0.2827
0.0822	-0.8845	-0.9507	-0.2739	-0.2545	0.7947	-0.4549	-0.4593	0.3491	-0.0463	-0.2255	-0.3455	0.1497	0.3070	-0.2095	-0.1777	0.2657	0.3243	0.9061	0.4889	1.2617	-0.8341	-0.0216	-0.8400	-0.5104	-0.2730	-0.0075	0.5941	0.8291	-0.0473	0.8402	0.2246	-1.4028	0.4147	0.1144	-0.3616	-0.1360	-0.3295	-0.2918	0.2247	-0.3449	0.1144	-0.2268	-1.3512	-0.2329	-0.2476	0.0369	-0.3899	0.1675	-0.5736	-0.4685	0.3333	-0.0066	-0.1193	-0.2440	-1.3593	0.0872	-0.4556	0.1870	0.2322	0.2128	0.0102	0.2171	0.7703
-0.0624	-0.9087	-0.2242	-0.0483	-0.5858	-0.2652	-0.1213	0.4196	-0.1552	-0.4080	0.3795	0.6236	-0.0857	-0.3176	-0.2911	0.6427	-0.1029	-0.9562	0.1125	-0.0793	-0.1750	-0.2928	-0.0842	0.2326	0.6178	-0.3979	-0.1728	-0.5701	-0.2818	-0.4193	0.3836	-0.1263	-0.0440	-0.1639	0.1172	0.2025	-2.5734	0.1593	-0.3630	0.1234	0.0562	-0.1651	-0.4021	-0.4022	-0.4058	-0.5147	0.5061	0.8021	-1.0348	0.0100	-0.3165	-0.3136	-0.1470	-0.0545	-0.0262	0.3721	0.6421	-0.0944	0.1744	-0.4012	-0.2080	0.3385	-0.1709	0.8738
-0.2423	-0.5091	-0.0426	-0.1265	0.1467	0.4552	0.0634	-0.4796	0.1266	-0.3458	0.1429	-0.1366	-0.0140	0.4266	0.3156	-0.0169	0.0948	0.1707	-0.6977	0.1956	-1.2288	-0.0316	-0.0906	-0.1692	-0.1418	-0.1783	-0.1846	0.1344	0.0608	0.3732	-0.3691	-0.3880	0.0254	-0.1785	0.1811	0.1332	0.0063	0.3506	0.1068	-0.1026	0.6994	-0.1466	0.1697	0.0494	0.3590	-0.1025	0.1726	-0.4546	-0.2349	-0.1278	-0.2745	0.1333	-0.0140	-0.2772	0.0892	0.2413	-0.2103	-0.0607	0.0587	0.4469	0.2109	-0.3158	-0.1494	-0.0876
0.3773	0.1665	0.0126	0.2669	1.5844	0.0159	0.0929	0.1495	0.2778	0.3017	-0.0652	-0.1230	-0.1506	-0.1000	-0.1954	-0.3650	-0.5100	0.0705	-0.4951	0.1286	-0.3555	0.0337	0.2440	-0.2061	0.3747	-0.4649	0.1749	-0.3607	-0.0673	0.2415	0.0404	0.0648	-0.3764	-0.1214	-0.1066	-0.1717	0.1659	-0.1057	0.1163	0.2443	0.2246	-0.2012	0.0437	1.0313	-0.0508	-0.2013	-0.0287	-0.1314	-0.3699	0.1601	0.1093	-0.6381	-0.2397	0.3491	0.0548	-0.2755	-0.1858	-0.0687	0.0321	0.1774	0.1310	-0.0021	0.4428	0.0126
0.2053	-0.4966	0.0169	-0.0105	0.0028	-0.2980	-0.3043	-0.1183	0.2227	0.1396	-0.2088	0.5014	-0.2336	-0.7462	0.0475	-0.0706	0.1527	0.3833	-0.2616	1.2648	0.1543	0.2362	-0.1283	-0.3383	0.6434	-0.0543	-0.5175	0.3542	-0.1933	-0.1315	-0.3940	-0.6757	-0.2389	-0.4128	0.1372	-0.1198	0.1339	-0.4549	-0.0765	-0.1469	0.2319	0.0929	0.1418	-0.1798	-0.0265	0.0070	-0.1118	0.3719	0.3410	0.4737	-0.0263	0.0684	0.0592	0.0423	0.0274	0.2992	0.7216	-0.1898	-0.0123	0.0498	0.0714	-0.1237	-0.2349	0.1272
0.1938	0.0731	-0.1287	-0.0273	0.3682	-0.1841	-0.0459	0.4819	0.1977	-0.1964	-0.0722	0.6716	-0.4501	-0.0705	0.2826	0.2391	-0.3926	-0.6394	0.2044	-0.1971	-0.2031	0.1806	-0.0385	-0.7970	-0.4017	0.1642	0.7550	-0.4115	-0.0596	-0.1797	0.0962	-0.2248	0.1289	0.0555	0.7716	0.3470	-0.0460	0.2564	-0.9571	-0.1670	-0.4344	-0.1453	-0.0590	-0.2721	0.1206	-0.0573	0.0873	-0.3912	0.1943	0.4604	-0.0361	0.1428	0.1264	0.0834	-0.3348	-0.0472	-0.0855	-0.0260	0.0017	0.4016	0.1201	-0.2614	0.0390	0.3339
-0.0349	0.1829	-0.2113	0.2381	0.0288	-1.0418	-0.0766	0.0257	0.9199	0.0344	0.1587	0.0330	0.4465	0.0685	0.1414	0.1930	-0.1392	-0.2904	-0.1661	-0.6570	0.4393	0.2620	-0.2234	-0.3532	-0.3706	-0.1678	0.5942	0.6006	-0.1997	0.2901	0.0475	0.1008	-0.9548	-0.4867	-0.0723	0.0774	0.1211	0.2343	0.4906	0.0201	0.0531	0.0870	-0.1340	-0.0470	-0.0438	0.1430	0.0238	0.4403	-0.0211	0.1168	0.6349	-0.0498	-0.7170	0.4025	0.0272	0.0588	0.3778	0.1788	0.2207	0.7158	-0.5113	-0.2084	-0.0207	-0.2382
-1.0108	-0.7095	-0.2129	0.3891	-0.0553	-0.2820	0.6172	0.1378	-0.0204	0.9544	-1.0073	-0.5012	0.3613	0.4954	0.5956	0.5233	1.1818	0.4682	-0.1208	-0.4919	-0.3007	0.0319	-0.0198	-0.1278	0.0681	0.8548	0.0835	0.0431	-0.0190	-0.1614	-0.3225	-0.2130	0.3809	-0.5194	0.2362	-0.3320	0.1857	-0.8985	-1.0899	-2.9539	0.1606	0.4453	-1.0469	0.3456	-0.4727	0.3610	-0.4379	0.5341	0.0479	0.0237	0.1396	0.3072	0.2981	0.0192	0.2151	-0.4503	-0.0516	0.0667	-0.1320	-0.3527	-0.2603	-0.3548	0.7650	0.0648
-0.3041	-0.6046	0.8689	-0.1957	0.2941	0.3807	0.5982	-0.2132	-0.7214	0.2363	-0.5359	1.1060	-0.5554	0.4957	-0.4441	0.0795	-0.0790	-0.2005	0.3971	-0.8493	0.1500	0.2187	0.1793	0.5980	0.0347	-0.1366	0.1341	0.0261	0.0605	0.0156	-0.1316	0.3496	-1.2147	-0.5783	0.3403	-0.8291	-0.0534	-0.0387	0.4457	-0.0344	0.0295	-0.1698	-0.5009	-0.0211	0.1277	-0.2583	-0.1929	-0.4586	-0.1886	-0.0771	-0.4434	-0.6600	-0.3575	0.0544	0.2356	0.3425	-0.2510	0.0871	-0.0113	0.1519	1.0454	-0.2821	-0.3158	0.2625
0.2749	-0.1188	0.0830	0.6654	-0.0758	-0.3170	-0.1627	0.4309	0.8129	-0.5447	-0.1990	-0.6978	-0.4022	-0.0880	-0.7067	0.2584	-0.8014	1.5399	-0.4525	-0.1230	-0.0231	0.7161	0.2947	0.1326	0.3940	-0.0549	0.2929	-0.0650	0.2403	0.0893	-0.1506	1.4573	0.5249	0.6049	0.8469	0.2578	-0.0927	0.2293	-1.1018	-0.3700	0.0262	0.2535	0.2510	-0.9444	-0.2149	-0.2302	-0.3657	-0.1961	0.2814	0.1355	0.2639	0.1598	-0.2361	-0.1844	0.3085	0.1895	0.0847	-0.5684	0.2497	-0.1623	1.0568	-0.5714	-0.1392	0.3083
0.4282	0.1293	0.4101	0.0924	0.0490	0.0405	-0.3504	-0.0330	0.0156	-0.4567	-0.2663	-0.2873	-0.1916	-0.0272	0.1553	-0.1291	-0.0079	-0.1556	0.3086	0.0197	-0.1149	0.0717	-0.0200	0.1148	-0.1292	0.0252	0.2834	0.3362	-0.0783	0.0646	-0.0975	0.0253	0.0507	-0.0717	0.0840	-0.3643	-0.0905	0.5033	0.0529	-0.2558	-0.0620	0.0630	0.1334	0.0869	0.1248	0.0890	0.0441	-0.1262	-0.3386	-0.3598	0.5352	0.1489	0.5942	0.1630	0.1062	0.2008	-0.1872	0.0033	-0.1259	-0.2630	-0.0947	-0.1728	-0.3239	-0.0521
-0.0058	-0.6423	0.2744	-0.8143	0.1827	0.2434	1.5522	-0.0336	0.0157	0.3642	-0.5001	0.8470	-0.6779	0.1986	-0.0500	-0.0255	0.4866	-0.1521	0.2319	-0.0127	0.0781	0.2466	-0.0852	0.2888	-0.5611	-0.0634	0.1588	0.2269	-0.1467	-0.6527	0.0357	-0.2837	-0.2105	0.1059	0.4410	-0.8182	-0.2415	-0.0352	0.0043	0.3769	-0.1702	-0.2193	-0.3694	0.3665	0.2873	0.5127	-0.6533	0.0282	0.0208	0.0476	-0.1208	-0.1511	-0.4777	-0.2417	0.8613	-0.2540	-0.6145	-0.3712	0.1602	0.1291	0.4635	-0.2129	-0.0773	-0.1235
0.0176	-0.1312	-0.1048	0.0282	-0.0689	0.1346	-0.1491	-0.2813	0.1602	0.0580	-0.3688	-0.1642	-0.3066	-0.2908	-0.1057	0.3619	-0.2405	0.3524	0.2559	-0.1137	-0.1487	-0.3647	-1.5611	-0.1769	-0.0551	0.2027	0.0767	-0.2576	-0.2416	-0.0750	-0.1093	-0.1605	0.2437	-0.5242	0.0635	0.4193	0.0385	0.6141	0.1206	0.1488	-0.0188	-0.1921	-0.1751	-0.0011	-0.6483	-0.1881	-0.6225	-0.4317	0.5784	-0.4589	0.0861	-0.0342	-0.2074	0.0773	0.1380	-0.3116	0.2528	0.1558	0.1661	-0.3335	0.5384	-0.1737	0.2708	0.5814
-0.2518	0.3307	-0.1883	0.0680	-0.1249	-0.2064	0.2412	-0.3638	-0.2368	0.4159	-0.1283	-0.0927	-0.0200	-0.3339	-0.0142	-0.3422	0.2397	0.2993	-0.2832	0.2079	-0.0229	0.0722	0.7868	0.1988	0.2129	0.2728	0.3131	0.3977	-0.2965	0.0872	0.6005	-0.5810	0.1685	-0.3710	-0.1499	0.1833	0.4118	-0.0508	1.6074	-0.0362	-0.0190	0.7089	-0.0142	-0.1532	0.4688	-0.1373	-0.0770	-0.3402	-0.2825	-0.2677	0.4910	0.0434	-0.1392	0.1261	0.1910	-0.3750	-0.3801	-0.0539	-0.1557	0.4111	0.1486	-0.1746	-0.0034	-0.8375
0.2241	-0.1297	-0.0192	0.4376	0.0748	0.0032	0.1243	-0.1207	0.1030	0.2476	0.7952	0.3575	-0.0155	-0.2166	0.6774	0.5655	0.5152	0.1246	0.2646	-0.4384	-0.3620	-0.3254	0.2151	0.0300	0.1961	-0.1637	-0.3648	0.7484	0.1468	0.0250	0.0832	0.7009	0.1849	0.0047	0.2409	0.6045	0.1220	0.5450	0.5396	0.4821	0.3114	0.4083	-0.1673	-0.0258	-0.0359	-0.1507	-0.0467	-0.0778	-0.3221	-0.0613	-1.0569	-0.2522	-0.0701	-0.2859	-0.3253	0.2113	0.1710	-0.2976	-0.4073	-0.2797	-0.2415	-0.3199	-0.5034	0.1547
0.1067	0.7580	0.0625	-0.1920	-0.1502	0.3889	-0.0041	-0.1142	-0.9178	0.3461	0.0029	-0.4382	-0.0784	-0.1723	0.5827	-0.2559	-0.2339	-0.5297	-0.6028	-0.7622	-0.0115	-0.3513	-0.1792	0.3856	0.2918	-0.1445	-0.0218	-0.0141	0.2696	-0.1868	0.2370	0.3299	0.4812	0.1688	0.1376	-0.2617	0.0082	0.0479	-0.0708	0.0195	0.2150	-0.3114	-0.0415	-0.1875	0.8131	-0.2488	-0.1949	0.5253	0.0159	0.0089	0.3438	0.4221	0.5204	-0.7156	0.2851	-0.3712	-0.0214	0.2912	0.0514	-0.0129	0.8893	0.0386	-0.0373	0.3322
-0.4903	-0.2946	-0.5212	-0.3539	0.2337	-0.4658	-0.1331	0.5073	0.1381	0.2557	-0.6621	-0.8252	0.3333	-0.3946	0.5827	0.0776	0.0491	0.2651	0.0021	-0.2755	0.5394	-0.1070	0.3691	0.1769	-0.0008	-0.0303	-0.5230	-0.0581	0.0465	-0.9256	-0.9547	-0.0540	-0.8429	-1.0037	0.0993	0.3782	0.1566	1.0648	-0.0350	-0.0359	-0.0258	0.1955	0.6151	0.9905	-0.3481	0.2523	-0.2474	-1.0688	-0.0186	-0.5106	-0.0730	-0.2082	0.0791	-0.0422	0.2490	-0.1627	-0.6295	0.2950	0.0849	-0.0394	-0.2134	0.0232	-0.3517	-0.0896
0.0881	-0.1985	1.5167	0.1250	0.1004	0.2821	0.2604	-0.1777	0.4347	0.1553	0.4127	0.1071	0.3975	0.3328	0.2378	0.4734	-0.3550	-0.0878	0.2438	0.2250	0.4827	0.5805	0.0991	0.1874	-0.0691	0.0745	0.9083	-0.3312	-0.0383	-0.0507	0.2681	-1.1920	-0.1111	-0.0008	-0.2550	0.8855	0.0446	0.1479	0.4851	-0.3086	0.3800	-0.4832	-0.0332	0.1710	-0.0562	-0.0064	0.0152	0.1816	-0.3177	-0.2583	-0.1135	0.1358	0.5990	-0.2787	0.1894	-0.0425	-0.2900	0.0016	-0.7921	0.0015	-0.3719	0.1824	0.1246	0.7873
-0.9286	0.1418	0.6830	-0.5971	-0.6589	-0.3559	-0.1584	-0.8172	-0.2574	0.1687	-0.7206	0.3145	0.9230	0.1535	-0.5662	-0.4086	-1.0334	0.3757	0.0673	0.0881	0.5202	-0.1966	0.2076	-0.4314	-0.2427	0.3996	0.0248	-0.3810	-0.6393	0.7553	-0.5389	-0.3580	-0.1218	0.2775	0.1102	0.5145	-0.2851	-0.5536	0.1396	0.1242	-1.0910	-1.0224	-0.4906	0.5621	0.4109	0.2735	-0.6362	-0.4491	0.2176	-0.3443	1.1049	0.3658	0.8527	-0.4260	-0.0184	-0.2423	0.1633	0.0978	0.5129	0.2622	0.1589	0.2256	1.0031	0.4716
-0.0431	-0.4278	0.1561	-0.0094	0.3014	-0.5414	-0.8642	-0.3216	0.1078	0.2498	-0.2411	0.1375	0.2063	0.0578	0.2561	-1.0497	-0.0243	0.0912	0.1108	0.2830	-0.3748	0.2998	-0.0126	0.2166	-0.0980	-0.1571	0.1975	0.0087	-0.4955	-0.1267	-0.0405	0.1564	-0.5141	0.2031	-0.4393	0.2619	-0.0976	-0.3727	-0.1287	0.2813	0.2735	1.5826	-0.1392	0.5080	0.2382	-0.1431	-0.5244	0.5219	-0.0302	-0.2660	0.2341	-0.0254	-0.0874	-0.4365	-0.3126	-0.3947	0.2051	0.2607	-0.6928	-0.5985	1.0298	0.1231	-0.4744	0.2966
0.1932	-0.0454	-1.1188	-0.8190	-1.0245	-0.1470	-0.4823	0.3385	0.2048	0.0479	0.1092	0.2287	0.4733	0.3552	-0.8325	0.0795	0.6198	-0.1905	0.8781	-0.1257	0.3939	0.2844	0.0862	1.0842	-0.0271	0.2359	-0.3815	0.5311	-0.0805	0.4153	0.0184	0.9666	0.2754	0.3676	-0.0078	-0.0154	0.2375	-1.0128	-0.5828	-0.5287	-0.2383	0.2771	-0.4747	-0.2567	0.1303	-0.0343	-0.3934	-1.0134	0.0569	0.2381	0.0408	-0.1369	0.4176	0.0867	-0.0500	0.3577	0.4819	0.4678	-0.3625	0.5704	-0.1694	0.5337	0.1067	-1.0964
-0.1879	0.4664	-0.0019	-0.6286	-0.1285	0.2704	-0.3079	-0.2248	-0.0896	0.4117	0.7589	-0.0927	0.7145	-0.6318	0.1176	0.4064	-0.0629	-0.1083	0.3714	0.3655	-0.1838	0.3117	-0.6675	-0.7262	0.5606	-0.8478	0.8003	1.2303	-0.1001	-0.5840	0.5162	-0.9683	0.3424	0.5146	0.0309	0.3085	0.1547	-0.0620	-0.4080	0.3745	0.1386	-0.4205	0.1191	0.5291	-0.0660	0.4937	0.1857	-0.0202	-0.3483	-0.2460	-0.4673	-0.3126	0.2662	-0.6439	0.8950	-0.0799	0.1034	1.5527	0.2099	-0.8403	-0.0584	0.0288	0.5662	0.0006
-1.0488	-0.7574	-0.8686	0.7361	0.1749	-0.3419	0.2579	0.0316	0.3759	-0.3322	0.1858	-0.0956	0.5027	-0.8654	0.2261	-0.1609	-0.3209	-0.3236	-0.3779	0.0094	-0.0842	-0.4384	0.1114	1.5385	-0.2775	-0.1975	0.2684	0.2397	1.3736	-0.1032	-0.0958	0.0601	-0.0583	0.0797	-0.1119	-0.6498	-0.7324	-1.1665	1.0578	0.7304	0.2907	-0.1695	-0.5662	-1.6794	-0.2681	0.8180	-0.3895	-0.4619	0.3700	-0.4688	0.0999	0.6155	-0.1285	-0.1066	0.0117	0.1317	0.2541	0.5880	0.0181	-1.1215	-0.2487	-0.0901	-0.1319	0.4426
-0.1093	-0.2949	0.2164	-0.3324	0.3045	0.1325	0.0447	0.3397	0.5594	0.0915	-0.1314	0.1187	-0.3534	0.1419	0.4173	0.4974	0.0246	-0.5548	0.1999	-0.2028	0.0089	-0.0748	0.2199	-0.0307	-0.0906	-0.1310	-0.4992	0.0941	0.0178	0.1685	-0.1075	0.1297	0.1452	-0.1495	-0.1681	-0.4718	0.1336	-0.6855	-0.2355	0.0544	0.1573	-0.4567	0.5627	0.0665	0.0327	0.2706	0.0302	0.0292	-0.6034	-0.2365	0.4715	-0.2549	0.5191	-0.0738	-0.7684	-0.1565	-0.0630	-0.0982	-0.0329	0.1100	-0.0788	0.4880	-0.5208	0.0067
0.8120	-0.4101	-0.0587	0.1558	0.0902	0.3857	-0.1344	0.4165	0.4713	0.1843	-0.6820	0.5880	0.4361	-0.0366	-2.2824	0.2334	-0.9603	0.1219	-0.1413	-0.3412	0.3802	0.3819	-0.4072	0.4951	0.5579	-0.4176	0.4722	0.4370	0.3472	0.1115	0.1741	-0.1734	0.3442	-0.0811	-0.6612	-0.3043	-0.2090	0.5834	-0.1500	-0.0457	-0.1206	0.9557	0.3398	0.1237	-0.8866	0.3218	0.0604	0.5625	0.4589	-0.0690	-0.1292	0.2858	1.2982	-0.6001	0.5240	-0.3312	-0.7261	-0.1469	0.1444	-0.1647	0.5328	-0.3150	0.0534	-0.6950
-0.4057	-0.4306	0.0114	-0.1256	0.1420	0.4816	-0.2136	0.2658	-0.1380	-0.3159	0.2713	-0.1778	-0.3789	-0.1451	-0.3124	-0.2419	-0.9576	-0.2609	0.2341	0.0167	0.0726	-0.4807	0.0238	0.1990	0.0381	0.3705	-0.5268	-0.0723	-0.0391	-0.0323	-0.0275	-1.1455	-0.0509	0.3876	0.1361	0.0237	-0.2337	0.1612	0.0456	-0.5069	0.0479	-0.4228	0.0600	0.3114	-0.0963	-0.5507	-0.6570	0.1734	0.0855	-0.0846	0.2965	0.0903	0.1810	-0.0901	0.3491	0.0570	-0.0197	-0.0475	-0.1587	-0.6435	0.0466	0.3074	0.1453	-0.2218
-0.6356	-0.0923	0.1579	-0.4153	0.4210	-0.7255	0.3525	0.3335	-0.0520	0.0339	-0.1804	-0.7013	-0.4343	0.4711	0.0954	0.5047	-0.1618	-0.0187	0.4761	-0.1079	0.1222	0.4709	-0.8211	0.2406	0.5483	-0.1956	-0.2538	0.2038	-0.3209	-0.0532	0.0091	-0.2405	-0.1596	0.0827	-0.0485	-0.2520	0.1822	-0.0255	-0.1597	0.1749	-0.2999	-0.0445	0.5959	0.6512	0.1356	-0.7107	-0.1823	0.0462	0.0170	-0.9189	-0.2617	0.2874	-0.4708	-0.1283	-1.0642	0.1009	0.7730	-0.0014	-0.4242	0.3243	-0.4970	-0.4467	0.0545	-0.0400
0.0582	-0.2112	-0.3104	-0.5248	-0.2956	-0.2213	-0.0790	-0.0727	0.7608	0.5557	-1.1159	-0.5704	0.6934	-0.2090	0.2379	0.1123	-0.1419	-0.2204	-0.3739	-0.1884	-0.1734	-0.2599	0.0220	0.0099	-0.1333	0.0015	-0.2852	0.0095	-0.1006	-0.3037	-0.2651	0.0622	-0.1036	-0.3655	0.3302	0.2561	-0.0432	0.8587	0.1654	0.3644	0.0597	-0.0324	0.3083	0.0281	0.1001	0.3578	0.0075	0.0709	0.1227	-0.2962	-0.2268	-0.5032	-0.2883	-0.1376	0.2278	-0.0432	0.0364	0.0593	-0.3235	-0.0871	0.0797	0.2500	-0.0112	0.1261
-0.2177	-0.0883	-0.1301	0.0996	0.2254	-0.0734	-0.0268	0.1095	0.3194	-0.0393	0.0828	0.2750	0.0543	-0.0119	0.1023	-0.2069	0.3543	0.0944	0.1901	-0.2810	-0.4290	0.2499	0.3778	-0.1947	0.0150	0.1579	0.0594	0.0978	0.0616	0.1149	0.0017	-0.1845	-0.2363	0.1640	0.0467	0.0599	0.7580	0.3000	0.0293	0.0486	0.0339	-0.1240	-0.0243	0.1488	-0.0592	-0.0340	-0.3478	-0.0264	0.5581	-0.0097	-0.1597	0.4367	0.4933	0.0149	0.0505	0.3923	-0.1022	0.1492	0.0992	-0.1887	0.2447	0.4806	-0.2005	-0.1066
-0.7219	0.0543	0.4548	0.4317	0.6996	-0.4488	0.1474	-0.6378	-0.1425	-0.0650	0.1542	0.7318	-0.2633	0.2819	0.0861	-0.1521	0.5098	0.0599	0.0057	-0.1336	-0.5731	-0.1696	-0.0692	-0.0029	0.0980	0.5714	-0.0389	0.0156	0.3565	0.0377	-0.2656	0.0783	-0.0291	0.1067	0.2316	0.5279	-0.0003	-0.2502	-0.1961	-0.1677	0.1598	-0.8590	0.7166	0.0639	-0.0328	0.5147	-0.2126	0.0241	-0.0221	-0.1456	0.6677	-1.8944	-0.3340	0.1876	0.8454	0.4781	0.4551	0.2368	-0.2429	-0.4007	-0.3214	0.3923	-0.9400	-0.2103
0.2120	0.0491	-0.2962	-0.4885	0.4612	-0.3920	0.3192	-0.6398	0.0159	-0.9821	-0.2867	0.0233	-0.0666	-0.3371	0.2873	-0.0614	0.2072	-0.3727	-0.0405	0.6969	0.5693	0.0407	-0.5098	0.3816	0.0155	-0.0687	-0.2634	0.2642	0.0285	-0.1903	-0.2297	0.0061	0.4743	0.3817	0.1632	0.1491	0.6367	-0.3906	-0.3751	-0.0007	-0.2928	-0.4903	-0.0968	0.6155	-0.3173	0.1075	-0.2721	0.7451	0.1544	0.3097	-0.5641	0.0004	-0.1798	0.3250	0.1957	0.1353	0.1203	-0.1936	0.7375	0.3647	-0.0146	0.4893	-0.4172	0.7712
0.1283	0.0858	0.0071	-0.0142	-0.6597	0.0859	-0.3393	-0.0440	0.1183	0.0798	0.0356	0.0320	0.1878	0.2559	-0.1708	-0.2419	-0.3298	0.0336	0.4052	-0.0713	0.0734	0.0488	0.5901	-0.3646	0.0487	0.3301	0.0659	-0.0276	-0.5916	0.2547	0.0184	0.0629	-0.0116	0.0771	0.8705	0.3246	0.3774	0.1984	-0.2040	0.0469	0.3200	0.1096	-0.1550	0.2820	-0.1401	-0.2851	0.0337	-0.3019	-0.0811	0.5938	-0.9994	-0.3122	-0.3486	-0.0979	-0.1635	0.0676	0.1183	-0.3089	-0.3469	0.3890	0.0341	-0.0940	-0.1036	0.1841
-1.2976	1.0604	0.0554	-0.1507	0.5843	-0.1317	0.0751	-0.2195	0.2615	-0.3710	-0.4474	0.0143	-0.1076	-0.0571	-0.2078	0.1340	0.3916	0.1116	0.4605	0.4155	0.0039	-0.5261	0.1023	-0.0758	0.0742	0.0489	0.2614	-0.3263	0.0238	0.1003	0.2947	0.2175	-0.3299	0.1369	-0.2440	-0.2604	0.0116	0.2695	0.2918	-0.3066	-0.0062	-0.0028	0.7043	-0.7531	-0.0078	-0.3350	-0.1877	0.5953	-0.1555	-0.2215	-0.1746	-0.2247	0.0759	-0.3093	-0.2048	-0.0784	-0.6364	0.0517	-0.6717	-0.1231	0.6256	-0.1639	0.0403	0.1189
0.1806	0.4282	-0.0569	-0.2586	-0.1351	-0.3525	0.3050	0.6055	-0.1266	-0.0794	0.1069	0.0402	-0.4614	-0.2935	-0.2944	0.4827	-0.3867	-0.2398	-0.2494	0.1894	-0.0594	-0.0694	-0.2031	0.1159	0.0170	0.0611	-0.1895	-0.2518	0.2888	-0.0018	-0.1041	0.0579	0.1517	-0.4176	-0.2009	-0.1086	0.1570	-0.2916	-0.0182	-0.2344	0.2614	-0.0309	0.6001	-0.2000	-0.4329	0.2142	0.4720	0.6557	0.0421	0.1963	-0.1564	-0.3314	-0.8696	0.0048	0.5554	0.2485	-0.6613	-0.1203	-0.1731	-0.0175	-0.3681	-0.7825	0.0444	-0.9387
-0.5455	-0.0498	-0.3867	-0.2539	-0.4239	0.1381	-0.1855	0.1466	0.3320	0.1716	-0.8014	-0.0127	-0.1736	-0.1439	0.2781	-0.0321	-0.1122	0.1320	-0.1691	-0.0348	-0.1183	-0.1634	0.1177	0.1354	-1.3826	0.6325	-0.1664	0.1928	-0.7125	-0.0664	0.3171	-0.0262	-1.0735	-0.0527	0.0120	-0.1745	-0.5169	0.5402	0.0622	-0.5582	0.2020	-0.1678	-0.1916	0.5507	-0.0212	0.0599	0.8649	0.2346	-0.1608	-0.1307	-0.3793	-0.3467	1.0960	0.1641	0.0756	0.0417	0.1825	0.2401	0.1693	-0.2067	0.1712	0.0843	0.0168	0.1043
-0.5108	-0.3388	0.4259	0.3456	-0.1472	-0.6463	-0.6021	-1.3291	0.2149	0.2582	0.2481	-0.1744	-0.8142	-0.0259	-0.0321	0.3529	0.5723	-0.3233	0.1758	0.7224	0.1353	0.4961	0.6077	0.4729	-0.0001	-0.2414	0.1972	0.0548	-0.4872	-0.2577	-0.1539	-0.2110	0.4836	0.2246	-0.5807	0.1873	-0.5712	0.3700	0.3188	-0.6682	-0.3038	-0.4940	0.1379	-0.0564	0.1952	0.3375	0.2667	-0.5420	-0.0460	0.5468	-0.6192	0.3077	0.0752	-0.1015	-0.4448	0.3236	-1.0467	0.7063	-0.1264	0.2728	0.5288	-0.3687	-0.1821	-0.6517
0.3016	0.0749	0.1889	0.0140	-0.0681	-0.1552	-0.4827	0.1968	0.5987	-0.7516	0.5764	0.0799	-0.3557	0.2177	0.2225	0.3435	-0.0443	0.0371	-0.0149	-0.6731	-0.1213	0.2340	1.4168	0.2130	-0.4729	-0.2350	-0.0966	0.2283	-0.6776	0.0871	-0.1679	-0.7785	0.1132	-0.5102	-0.4890	-0.2397	0.1650	0.0136	-0.4614	0.2041	0.0770	-0.2245	-0.3104	0.2336	-0.2405	1.3744	-0.4324	0.0209	0.5560	-0.2791	-0.0526	-0.3135	-0.2319	-0.7001	-0.2327	-0.0282	0.5696	-0.4275	0.5291	-0.0314	-0.0555	-0.0400	0.2400	-0.0816
-0.1461	-0.0034	-0.0054	0.5335	-0.1987	-0.1181	-0.2409	-0.3621	0.1286	-0.1692	-0.1053	0.5948	-0.5064	-0.5579	-0.1978	0.4164	0.4394	0.4242	0.3491	0.1282	0.3343	-0.8847	-0.6416	0.0341	0.3617	-0.1524	0.0812	0.1400	-0.0514	0.6501	-0.1545	0.1951	0.1763	0.2183	0.1404	-0.0115	0.0110	0.3104	-0.4093	0.1673	0.3151	-0.0995	-0.4117	0.4433	-0.1624	0.2231	-0.3143	-0.0609	-0.7908	-0.4949	-0.4040	0.0043	0.0723	-0.0560	-0.2280	0.0343	0.0839	0.2403	-0.0118	-0.2753	-0.6286	-0.9218	-0.1555	-0.2413
0.3356	-0.2739	-0.8303	-0.1466	-0.1347	-0.4510	-0.2807	-0.2024	-0.1471	-0.1405	0.0363	-0.2212	0.4606	0.2215	0.1825	0.2333	0.6438	0.1100	-0.1330	0.3804	0.3975	0.0727	0.2987	0.4896	0.3908	-0.1488	-0.4169	0.0457	0.1265	0.0862	0.2164	0.0300	0.2748	0.0421	-0.8236	0.1683	-0.0769	0.4823	0.0842	-0.0484	0.0762	-0.5190	-0.9580	-0.0654	0.0095	-0.7298	0.3725	-0.0343	-0.2181	0.2066	0.3921	-0.2346	-0.2682	-0.2273	0.1430	0.2657	-0.4011	0.0661	-0.1970	0.5375	0.0912	-0.0752	0.2518	0.2933
-1.0111	0.3552	-0.4243	0.0124	-0.5337	0.1650	0.4493	-0.0125	0.0915	0.1282	0.3955	-0.0423	-0.0274	-0.0515	0.4698	-0.1087	0.0442	0.3582	0.3510	0.1922	0.5567	0.4559	0.4051	1.5172	-0.2626	-0.0871	0.1376	-0.0797	0.4238	-0.0860	0.5037	-0.0813	0.8373	0.0726	0.2843	0.2150	-0.0752	-0.3615	0.2896	-0.0485	-0.4728	-0.0649	-0.9301	-0.1528	-0.8865	1.3845	0.0009	-0.0276	0.2726	-0.1654	-0.0542	0.4074	-0.3094	0.0179	-0.3112	0.5956	-0.1078	0.1903	-0.2726	-0.6026	0.1856	0.0022	-0.2834	1.1715
0.0767	0.1506	1.5835	0.1459	0.0660	-0.4338	-0.1711	0.1057	-0.4115	0.0294	0.3076	-0.2832	-0.3083	-0.3799	0.1450	-0.6948	0.3349	-0.0151	0.1528	0.0386	0.5469	-0.4446	-0.7078	0.0137	0.1810	-1.0122	0.2931	0.5995	-0.0025	0.6597	-0.8223	0.1555	0.1739	-0.0651	0.1131	-0.0907	-0.6397	0.0349	0.0144	0.6485	-0.0664	0.2570	-0.3082	0.2662	-0.1313	-0.0826	0.3842	-1.1791	-0.1368	0.2649	0.2063	0.9291	0.2788	0.1999	0.3190	0.1802	0.1706	-0.8548	0.3131	0.4547	0.2650	0.9691	0.0331	-0.2291
-0.0338	0.0824	0.7399	-0.0853	0.0111	0.6631	0.0835	0.0708	0.3685	-0.2603	-0.0430	0.1018	0.3669	-0.1746	0.0097	0.3853	0.2685	1.0555	0.4170	0.3919	0.4965	0.3274	-0.0277	0.0645	0.1161	-0.1110	0.1317	0.0141	0.4372	0.3779	0.5029	-0.4835	0.2922	-0.1895	-0.0851	-0.2818	-0.6391	0.3129	0.4876	-0.1347	-0.2767	0.4792	0.3881	0.4679	-1.2754	0.0851	-0.1097	-0.7104	0.0870	0.0341	-0.0170	0.1048	-0.7084	0.6912	-0.4268	0.9036	-0.3016	-0.3055	-0.1598	-0.1408	-0.1727	1.3878	0.2989	0.2857
0.3443	0.2604	-0.0493	-0.1200	0.1145	-0.1057	-1.0016	-0.2068	0.3319	0.1542	0.4688	-0.0032	0.2019	-0.0579	-0.1120	0.1278	-0.1570	-0.0425	0.2048	-0.3335	0.1456	0.1098	-0.1540	-0.4755	-0.2717	0.0338	-0.1161	0.2682	0.0270	1.0764	0.0664	0.2394	-0.0012	-0.9035	0.3448	-0.0404	-0.3779	-0.1913	0.4406	-0.1949	-0.3439	0.0035	-0.6014	0.1652	-0.1495	0.2862	0.3878	0.3211	-0.1880	0.4576	-0.2350	0.4353	0.0223	0.3593	1.5243	0.1328	-0.5548	-0.1522	0.1696	0.3206	-0.3866	0.0615	-0.3220	0.0080
0.1661	-0.2818	0.0378	-0.1048	-0.2356	0.1476	-0.0932	0.0193	-0.1735	0.1932	0.0950	-0.4661	0.1375	0.0827	-0.1059	-0.3150	0.0238	-0.0629	-0.5126	0.0163	0.3835	0.0617	0.1460	-0.3051	-0.1374	0.1210	-0.6897	0.0880	-0.0524	-0.0637	-0.0346	0.0647	0.0318	-0.2015	-0.0753	0.0259	0.0575	0.0517	-0.1586	-0.0093	-0.0611	-0.1169	-0.2284	0.1344	-0.1754	-0.4224	0.1319	0.4853	-0.3608	-0.0007	0.1414	0.1378	-0.1066	0.6269	-0.3053	0.2198	-0.1089	0.1585	-0.3200	0.2125	-0.0866	-1.6477	0.4484	0.1712
0.3675	-0.1112	0.3689	-0.0899	-1.2218	0.0572	0.0462	-0.3773	-0.2003	0.0180	-0.9294	0.2722	-0.0814	-0.1046	0.0008	-0.2774	-0.2640	0.1792	0.1241	0.1921	-0.6066	-0.4209	-0.0191	1.0199	0.0675	1.1152	-0.2867	-0.2651	1.4387	-0.3991	-0.7353	0.1628	0.2146	0.2221	0.3206	0.9963	-0.3300	-0.1734	1.2140	-0.0794	-0.7569	0.0173	0.8253	0.2282	-0.6715	-0.7840	-0.0178	0.4042	-0.6234	0.2047	0.2851	0.4949	0.5847	0.9989	-0.9351	-0.6567	0.0840	-0.3808	0.4358	0.5036	-0.0387	-0.5869	-1.2878	-0.1786
0.0681	0.1667	0.0503	0.0939	0.0288	0.0368	-0.3567	-0.0057	0.0805	0.4823	-0.3806	0.1565	-0.0030	0.4958	-0.4308	-0.3725	-0.0634	0.6262	-0.4916	-0.1778	0.2076	-0.3678	0.1770	0.0414	0.6107	-0.0066	-0.1119	0.3823	1.0465	-0.2167	-0.1559	-0.0442	-0.1292	0.2847	-0.3527	-0.2824	0.8463	0.0923	0.2065	-0.1946	0.3179	-0.1760	0.0740	0.1503	0.0372	0.1021	0.1471	0.4378	0.0037	-0.4235	-0.0998	0.0624	0.1450	0.1473	-0.0276	0.9878	0.1418	0.1991	0.0428	0.0077	-0.4774	1.1631	-0.4234	-0.0954
-0.2971	-0.2222	0.1416	0.0493	0.2518	-0.1710	0.1588	-0.2644	-0.0548	0.2639	-0.5905	0.0556	0.1819	-0.4523	0.1754	-0.0196	0.1877	0.0089	0.0630	-0.3943	-0.4156	-0.2815	0.4495	0.1292	0.1494	-0.3277	0.0351	-0.3257	0.0007	-0.3167	0.3258	-0.1098	0.5195	0.0885	-0.0330	0.1053	0.3608	0.0872	-0.1854	-0.8443	0.0002	0.2086	-0.2709	-0.1931	0.0860	-0.0826	0.3795	-0.1477	0.3337	-0.3135	-0.0941	-0.0616	-0.4656	-0.1047	0.1440	0.1522	0.3078	-0.3598	0.2195	-0.1313	0.0256	-0.0053	0.0096	-0.4665
-0.7885	0.0454	-0.0444	0.1260	-0.0449	0.2020	-0.0695	0.0672	0.0738	0.0987	0.2406	-0.0425	-0.0196	-0.1836	0.0580	0.2126	-0.3640	-0.0365	-0.1133	-0.1502	0.0193	-0.0232	-0.1795	0.2912	0.1635	-0.1403	0.2366	0.2579	-0.0986	-0.3541	0.0397	0.2710	-0.0652	0.2588	-0.0267	0.2977	0.0969	0.1925	-0.1201	0.0221	0.3419	-0.1486	0.1617	0.0714	0.2833	-0.0273	-0.2079	0.0144	0.0401	-0.0133	0.3883	0.1694	-0.2595	0.0751	-0.7260	-0.2052	0.0859	-0.1968	0.3558	0.0973	0.0883	0.6512	-0.0390	-0.1061
-0.3789	0.0040	0.3796	0.5368	0.5017	0.4483	0.4716	0.2882	0.0881	0.3741	-1.0888	0.2846	1.5035	-0.4202	0.4491	0.9225	-0.2473	-0.1708	-0.2893	0.7497	-0.4801	0.1412	0.0386	-0.5930	0.6925	-0.1273	-0.0882	0.2996	-0.1573	-0.2837	0.1899	0.0314	0.1132	0.2469	-0.0538	-0.4158	-0.1180	-0.1011	-0.2441	-0.6923	-0.1005	0.4402	-0.2652	0.2266	-0.3653	0.4012	-0.2117	-0.2356	-0.3979	-0.2058	0.0058	-0.2835	0.0538	0.6121	-0.2699	0.8902	-0.3763	-0.0788	-0.0178	0.3807	0.0587	0.2346	0.4378	-0.1604
-0.0091	0.1097	-0.2351	-0.5356	-0.0329	0.3887	-0.2596	-0.3144	-0.5104	0.3844	0.6733	-0.3127	-0.0329	-0.5903	-0.2194	0.3418	0.0418	0.0849	0.3837	0.0512	-0.0252	-0.0934	-0.4005	-0.9166	0.3423	-0.3390	0.3177	0.2341	-0.3191	-0.3494	0.1172	-0.4582	-0.2567	0.1794	-0.1487	0.0983	0.0708	0.2146	-0.1983	0.7948	-0.1261	-0.2160	0.0270	0.1714	0.9276	0.4612	-0.0164	0.1572	0.0737	-0.1614	-0.3360	-0.1112	-0.1223	-0.1548	0.6976	0.5059	-0.0393	0.8570	0.1683	-0.1670	-0.2246	0.1417	0.2674	-0.2943
-0.0184	0.2428	-0.0634	-0.4917	-0.3409	0.1142	0.2339	-0.4857	0.5955	0.1521	0.2068	-1.1163	0.5022	-0.5479	0.0261	-0.3937	0.2801	0.5759	-0.0180	0.0190	-0.0965	-0.3120	-0.2178	1.4126	0.1170	-0.4621	-0.1982	0.4323	-0.0478	0.5732	-0.4429	0.3769	-0.0882	0.1615	-0.0504	-0.0262	-0.0685	-0.0242	-0.4377	0.4092	0.1649	-0.1624	-0.3185	-0.2247	0.1401	-0.2603	-0.1960	-0.3734	0.1257	0.4564	0.0705	-0.7270	0.6326	-0.1288	0.6672	0.2015	0.2021	-0.5564	-0.5999	0.0839	0.1159	-0.0321	0.1340	-0.6805
-0.2067	-0.3373	0.5589	0.4281	0.1578	-0.2161	-0.5915	-0.7334	-0.6322	-1.2697	-0.3549	0.5583	0.5255	0.5632	0.0352	1.1772	-0.5907	-0.5133	0.1928	-0.1343	0.5904	0.0738	0.7327	0.3355	-0.4763	-0.4063	-1.0469	-0.4981	0.3665	-1.0328	0.1373	-0.1963	0.3635	-0.3039	0.7473	-0.0533	1.1464	-0.0405	-0.2054	0.9593	0.3008	1.1070	-0.3869	0.2452	0.0987	-0.0573	0.5104	0.0814	-0.1906	0.2543	0.4687	0.2045	-0.1094	-0.5407	0.1424	-0.2905	-0.3537	0.2591	0.1661	-0.0966	-0.1683	0.0589	-0.0558	-0.6594
-0.1876	-0.6176	-0.3121	-0.1502	-0.2568	-0.0075	0.0875	-0.0496	-0.2722	-0.7897	-0.0760	-0.3977	-0.0953	-0.4561	-0.6617	0.0889	0.1970	0.4769	0.0319	0.0142	-0.0384	0.1841	0.4147	-0.0598	-0.0699	0.2281	0.0307	0.0235	-0.3759	0.1843	-0.1696	-0.3826	-0.5413	0.5016	0.1130	-0.0110	-0.3997	0.0567	-0.2820	0.6311	0.1019	0.0417	0.0286	0.6054	-0.4140	-0.0798	0.3774	1.0107	-0.6258	-0.0524	0.0800	0.0183	0.1946	-0.0558	-0.0553	0.2623	0.0847	0.1539	0.2119	-0.6694	-0.0018	0.2260	0.0278	-0.1067
0.4603	0.3674	-0.1704	-0.0820	-0.2175	-0.0402	-0.1797	0.2306	0.1897	0.2821	0.0759	0.6288	0.3584	-0.6244	0.6825	-0.7409	0.6596	0.4556	0.0589	-0.1057	0.6069	-0.4882	0.7972	-0.7936	-0.4324	-0.2661	0.4157	0.0386	-0.2057	-0.2039	0.5699	-1.3579	0.0753	0.8312	0.3216	-0.2089	-0.3491	-0.0487	-0.1200	-0.0714	0.6194	0.4403	-0.5339	-1.6691	-0.5379	-0.1365	0.0435	0.5648	-1.2134	0.5331	-0.1775	0.3788	0.1369	-0.0438	-0.4077	0.2558	-0.1279	-0.1058	0.6826	-0.1029	0.4630	0.1085	-0.5696	-0.9189
-1.1809	-0.0491	-0.1145	-0.2865	-0.2476	-0.0300	0.0896	0.3373	0.1361	-0.1424	0.6326	-0.1780	-0.0323	0.5379	-0.6299	-0.2493	0.2295	-0.0454	-0.0720	0.6580	-0.4703	-0.0271	0.1879	-0.3690	-0.0360	-0.4149	0.2311	-0.4924	0.2505	-0.4253	0.0563	0.1633	-0.3414	0.2158	-0.2233	-0.7081	-0.3558	0.2423	0.1815	-0.3032	-0.2224	0.3021	-0.3004	0.0393	0.1207	-0.0284	-0.2445	0.1054	0.0440	0.0426	0.2606	0.2005	0.4738	0.0218	0.1432	0.1430	-0.0613	0.3542	-0.0497	0.3643	0.0146	-0.1752	-1.0496	-0.1162
0.5284	-0.0296	-0.2925	0.2293	-0.1414	-0.1198	0.0836	-0.0876	0.1202	0.1955	-0.1173	-0.5509	0.0684	-0.7487	-0.2567	0.1122	0.1124	0.2452	0.1935	0.2085	-0.4274	0.6281	0.4112	-0.5477	-0.7797	-0.0411	-0.4025	-0.1076	-0.3907	-0.0241	0.0057	-0.4687	-0.2098	0.6796	0.4087	-0.3407	0.2730	-0.2009	0.5893	0.3351	-0.3737	-0.2050	0.0364	-0.2987	-0.5325	-0.0148	-0.3868	-0.4947	0.0686	0.1801	0.0503	-1.4198	-0.5161	-0.1179	-0.8292	-0.2254	0.2686	0.1280	-0.2688	-0.0640	-0.2955	-0.5661	0.0474	0.2468
0.2590	0.1121	-0.2364	-0.1302	0.2236	0.2307	-0.4095	0.7472	-0.2282	-0.0730	0.1324	-0.0597	-0.0403	-0.1070	-0.8609	0.3982	0.1268	0.2845	-0.0216	0.0258	0.2699	-1.1181	-0.0063	-0.2175	-0.2956	0.1979	-0.2740	0.3605	0.1199	-0.5299	-0.0367	0.1458	0.6457	-0.0457	-0.1360	0.0598	-0.2474	-0.1899	0.0786	0.0840	-0.1782	-0.2474	-0.4553	0.1875	0.1313	0.4626	-0.3076	-0.5252	-0.1629	0.2686	0.2519	-0.1885	-0.2170	-0.2490	-0.0791	0.5310	0.0120	0.1300	-0.3085	0.4326	0.3651	0.0619	0.0873	-0.2039
0.3271	-0.1288	-0.0099	0.5038	-0.1234	0.2967	-0.3420	0.5518	-0.8329	-0.6170	-0.6430	-0.7891	0.2134	0.2246	-0.1444	-0.2102	0.6321	-0.4212	0.0901	0.3826	-0.1057	0.3128	-0.1493	0.3476	1.0184	-0.4555	0.2263	-0.1741	-0.0118	0.4985	-0.1683	0.1024	-0.7504	-0.0018	-0.0573	0.6225	0.0041	0.3210	0.0733	-0.1595	0.3015	-0.0350	-0.0962	-0.1906	0.1719	0.3886	-0.4610	0.2162	0.5864	-0.2455	-0.2612	-0.1643	0.2025	0.2641	-0.2484	0.8447	0.2723	0.5998	0.0983	0.2098	-0.0990	-0.2562	1.1399	-0.1365
-0.0633	-0.0882	-0.5147	0.2705	0.1493	0.1833	0.3291	-0.1880	0.2400	-0.5165	0.2183	-0.2580	-0.1437	0.0213	-0.5735	-0.0104	-0.5803	-0.2351	0.9415	0.0997	-0.4713	-0.1681	0.2123	-0.3291	-0.2057	0.3964	-0.0090	0.3442	-0.2244	-0.1193	0.1542	0.8406	-0.0524	0.0145	0.0809	0.1746	-0.0601	-0.5081	1.1125	-0.4590	0.8237	-0.1241	-0.0211	0.3288	0.1772	0.2470	0.4151	0.1496	0.2150	0.1304	0.0238	-0.2222	0.3735	-0.4987	0.0547	-0.1123	-0.0668	-0.5938	0.1400	-0.4596	0.6314	1.3969	0.0236	-0.1831
-1.2868	-0.1872	-0.0973	-0.1372	-0.1820	-0.2279	-0.2914	-0.2956	-0.0018	-0.2980	-0.3380	0.0121	0.0175	0.2369	-0.0991	-0.2589	0.0152	0.3174	0.3751	-0.0434	-0.1640	0.4913	0.0112	-0.0162	0.0247	-0.0559	0.0394	0.1527	-0.1143	-0.5561	-0.0396	-0.2541	-1.1706	0.2129	-0.2802	0.4550	-0.4382	0.0998	0.0410	0.0185	-0.5564	0.0992	0.2432	0.3490	-0.1781	0.3561	0.4454	-0.5831	0.3350	0.1662	-0.9787	0.2937	0.2902	0.7466	-0.3991	0.3322	-0.2771	-0.0339	0.4449	-0.3082	-0.5375	-0.4243	-0.2813	-0.2719
0.3170	-0.9704	0.3535	-0.1443	0.2605	0.2967	0.2002	0.1623	-0.2085	-1.0628	-0.1673	-0.4092	-0.0420	0.1012	0.2381	-0.7486	0.7124	-0.2226	-0.2532	0.1240	0.0969	-0.3363	0.0947	0.6088	-0.1811	0.4563	-0.2942	0.0622	0.0864	0.1523	-0.3520	-0.2883	0.1171	-0.3144	-0.0744	0.0230	-0.1337	0.6733	0.0037	-0.0436	0.3074	0.2052	0.1667	-0.5340	0.1479	0.0129	0.0576	0.2900	0.5527	-0.1375	-0.0197	0.1711	0.0098	0.2552	-0.1123	0.2213	0.0718	0.9122	-0.4440	0.9543	0.2350	-0.4753	0.2036	0.4972
0.0111	0.1670	-1.2721	-0.3979	0.1212	0.1442	0.2312	0.0851	0.0440	-0.0241	-0.0698	0.0523	-0.2851	-0.2089	0.1196	-0.1050	-0.1145	-0.1288	0.0264	0.3407	0.2333	-0.2486	-0.3298	0.4156	-0.2021	-0.2996	0.1794	-0.0498	-0.1962	0.3436	0.1481	-0.2472	0.4270	0.0740	-0.3517	0.9963	0.3457	-0.0815	-0.2719	0.2968	0.1283	0.3707	-0.0072	0.5594	0.2349	0.1519	0.2030	0.4767	-0.1428	0.4597	0.0106	0.5073	-0.0779	0.1995	0.1304	-0.1499	-0.1855	0.0229	0.5027	0.2342	0.0688	0.2792	0.1658	0.2346
0.3149	-0.4806	0.1882	0.7139	-0.5932	-0.4446	0.2296	-0.3055	0.5993	0.2802	-0.1414	-0.4948	-0.6077	-0.1963	0.0328	0.6035	0.4246	-0.8124	0.0140	-0.0817	0.1888	0.1909	-0.1942	-0.0619	0.2395	0.4939	0.3631	-0.2639	0.4964	0.3823	0.1551	-0.5974	-0.0751	-0.7052	0.2611	-0.1681	0.4476	-0.2938	-0.4157	0.0804	-0.0416	0.2141	-0.1110	-0.1263	0.4238	0.0806	-0.0233	0.1717	0.0656	0.0310	-0.0182	-0.2071	0.8565	0.1368	-0.0529	0.4072	0.0546	-0.1248	0.2316	-0.1518	0.1384	-0.2527	1.3952	0.2382
0.4890	0.0249	0.2049	0.1199	0.1902	0.1349	-0.2334	0.0526	-0.1704	-0.3300	0.5719	-0.0951	-0.1434	-0.0042	-0.3422	0.8036	0.0333	-0.2363	0.1685	0.0906	0.3654	0.0311	0.0299	0.2232	-0.0780	0.5009	0.7355	0.3760	-0.0772	0.0275	-0.7079	-0.1376	-0.3015	-0.0174	0.1542	0.0834	-0.1126	-0.2468	0.5283	-0.0476	0.3183	0.2474	-0.1150	-0.1074	0.1442	0.2795	-0.1764	-0.1552	0.1471	-0.3258	0.3553	-0.3308	0.1926	-0.9691	-0.1679	0.1594	0.0400	-0.1661	0.0984	1.0157	0.3038	0.0422	-0.4731	0.5999
-0.0331	0.4315	0.1021	0.1375	0.0444	-0.1638	0.0510	0.3756	0.0275	0.0305	-0.2264	0.1705	-0.4934	0.0637	0.4301	-0.3456	-0.2615	-0.1338	0.2164	0.3207	0.2806	0.2084	-0.2127	0.3088	0.2580	-0.9073	0.1936	-0.0443	-0.3648	0.3962	0.1524	-0.3067	-0.2340	0.2406	-0.0647	-0.2134	-0.1694	0.1950	-0.4283	0.1646	0.0310	0.1735	-0.4796	-0.4190	0.5104	0.1102	-0.4441	-1.4052	0.2156	0.6402	0.0971	-0.3258	0.1189	-0.1582	0.3556	0.2545	0.2124	-0.1981	-0.5199	0.1026	0.0881	0.5760	-0.2257	0.1678
-0.1184	0.3204	0.2108	0.4601	0.6706	-0.2617	0.1477	0.4399	-0.9601	0.6179	-0.1042	-0.3607	-0.3422	0.0793	-0.1670	-0.1524	-0.1332	0.3018	0.4346	-0.0053	-0.1213	0.7091	-0.2963	-0.4477	-0.6472	0.3887	0.0320	0.2840	0.1116	-0.3117	-0.3677	-0.2336	0.0920	0.2240	0.6776	-0.0996	0.0866	1.3821	0.0056	-0.1751	-0.2665	-0.2787	-0.4805	0.1847	0.4509	0.5169	0.1248	0.2342	-0.4586	0.0502	0.2405	0.1972	0.0086	-0.0503	-0.4239	0.4305	0.0576	-0.3602	-0.3855	-0.4552	0.2229	-0.2411	0.0736	-0.6177
-0.1217	0.0877	0.4890	0.1963	-0.8153	-0.7235	-0.3284	0.2372	0.4056	-0.6939	-0.3061	0.0532	0.3306	-0.1318	-0.0945	0.3112	-0.5569	-0.0829	-0.0217	0.0688	-0.1663	0.0876	0.3181	0.4250	-0.1889	0.0167	0.0258	-0.2596	0.3317	-0.5202	-0.2553	0.1463	-0.4649	-0.0472	0.2994	0.5753	0.2231	0.4455	0.2675	0.6408	-0.6625	-0.1298	0.0749	0.2197	0.4120	-0.3456	0.4164	-0.0808	0.5360	-0.1788	0.0966	-0.3663	0.0316	-0.1509	0.7118	0.1098	0.3430	0.4023	-0.3114	-0.4617	0.1050	-0.1223	0.0800	0.3440
-0.3407	-0.2261	0.4503	0.1787	0.4052	0.1042	0.2407	0.4469	0.0794	1.0382	0.0804	-0.2172	0.1992	-0.2718	-0.1870	-0.2738	0.0791	-0.6954	0.0890	0.1127	0.4483	-0.5116	-0.9386	-0.0346	-0.1612	0.2161	-0.1239	-0.1465	1.0611	0.4814	0.1913	-0.4380	-0.6156	0.5282	-0.0229	0.6215	0.1487	-0.4321	0.5212	-0.1133	0.1250	0.4195	-0.5761	0.4397	0.0789	-0.4212	0.7758	-0.0869	0.3172	0.6938	-0.1425	-0.6500	-0.0652	-0.8521	-0.3154	0.9689	-0.4085	0.7086	0.2751	-0.0552	-0.1258	-0.1166	-0.2282	0.2457
-0.4684	0.1851	-0.1447	-0.2358	0.6641	-0.4220	-0.3931	0.8094	-0.0000	0.2432	-0.3230	-0.1741	-0.1390	0.0742	-0.5740	-0.1822	0.2213	-0.6023	-0.0778	-0.0252	-0.7957	-0.0223	0.4934	0.0134	0.1691	-0.4117	0.2639	-0.2953	-0.2105	-0.5491	0.2997	-0.4001	-0.1377	0.8610	0.3265	0.2486	0.0215	-0.4145	-0.1263	0.1881	-0.2467	-0.5252	-0.2382	-0.0773	-0.1164	0.1526	0.2879	-0.0107	-0.3500	-0.1975	0.4357	0.3095	0.2584	-0.5833	1.1776	-0.4292	0.2363	0.1778	0.4714	0.3251	-0.4603	-1.8534	-0.4223	0.6118
-0.5517	-0.3123	1.1736	-0.1023	0.5114	0.0677	0.2245	0.2608	-0.3648	0.1023	0.1179	0.1951	0.2208	-0.2498	0.2906	-0.2098	-0.2620	-0.0613	-0.5480	-0.7093	0.0812	-0.2907	-0.8061	0.2411	0.0257	-1.8209	-0.2647	0.5500	-0.7705	0.0622	-0.0615	0.5058	-0.0079	0.0093	0.1006	-0.2493	-0.2626	0.4689	-0.2662	0.1773	-0.1493	-0.2624	-0.3226	-0.0105	-0.3997	-0.1251	0.5917	0.3844	0.6244	-0.1039	0.2883	0.0214	0.0654	0.2381	-0.8980	-0.3439	-0.6088	-0.0088	-0.1807	-0.0183	-0.0530	0.0503	0.0334	0.4877
0.6625	-0.2589	-0.0464	-0.2793	0.3146	-0.4107	-0.3357	-0.2121	0.9574	0.0816	-0.2299	0.0990	0.2139	-0.0231	-0.0294	-0.3813	-0.0866	0.3173	-0.1159	-0.0841	-0.0944	0.1049	-0.6560	0.2347	0.0300	0.3740	0.2096	0.0166	-0.4362	-0.4831	-0.0770	-0.0858	0.1392	0.4267	-0.0278	-0.1782	-0.7022	0.0045	-0.2502	-0.1079	0.1895	0.1600	-0.0237	0.0340	0.1552	0.0132	-0.1612	0.0389	0.1065	-0.2038	-0.3950	-0.0970	0.2439	-0.1945	-0.0975	0.1400	-0.2237	0.0568	0.1347	0.2101	-0.3888	0.1675	0.3819	0.1731
0.0332	0.0679	0.0885	-0.1907	0.3936	0.0395	0.4809	-0.0703	-0.1589	-0.5479	-0.3214	0.3188	1.1604	0.2021	-0.0473	-0.0051	0.0715	0.1108	-0.1625	1.1969	0.1754	-0.0857	0.1393	-0.1795	0.2919	0.8375	-0.5336	0.5269	-0.1975	0.0092	-0.0552	-0.3649	-0.2643	-0.1463	-0.1291	-0.1901	-0.1379	-0.0802	-0.1952	0.7015	0.0987	0.1499	-0.3064	0.2418	-0.5614	0.0084	-0.3190	0.4058	0.1118	0.3889	-0.3538	-0.0915	0.0660	0.0899	0.2140	0.1981	0.3691	-0.7752	-0.0109	-0.2322	0.0309	0.0240	-0.2788	0.1978
-0.1468	-0.2089	0.0949	-0.1803	-0.5030	0.2000	0.5048	-0.0778	-0.2664	0.4930	0.2172	-0.4417	-0.7539	-0.2779	0.2935	1.2145	0.5309	-0.1588	0.0369	0.4251	-0.4881	-0.7178	0.3261	-0.3970	-0.2949	-0.3119	-0.2702	0.2425	0.3741	0.1009	0.2351	0.8940	-0.5402	0.1723	-0.2012	1.3353	0.6229	-0.1334	-0.1820	0.7347	-0.3697	0.4438	-0.1644	0.0761	0.0739	0.2780	-0.1332	0.2648	-0.0602	0.2466	-0.1278	0.6093	-0.3519	0.2158	-0.0719	-0.2923	0.3498	-0.1242	-0.2706	-0.2983	-0.0798	0.1610	0.0078	0.0948
-0.5333	-0.4333	-0.1938	-0.1220	-0.1164	0.5316	-0.3337	0.3763	-0.1452	0.1716	-0.0215	-0.4478	-0.1528	0.2568	1.4392	0.0872	-0.0340	-0.1001	-0.1189	-0.2458	-0.1308	-0.1019	-0.2125	-0.1150	-0.1991	0.1276	1.2119	-0.2445	-0.2004	0.1940	-0.1519	0.0851	0.3520	0.0117	-0.1140	-0.5734	0.2853	-0.3564	0.2200	0.0602	-0.2992	-0.3226	-0.1409	0.3626	-0.8955	0.0738	0.0625	0.0605	-0.0422	-0.1381	-0.4430	-0.3139	0.0881	0.2057	-0.0215	0.1399	-0.0550	0.1779	-0.0583	0.0304	0.1423	0.0703	0.0149	-0.4309
-0.9901	-0.2346	-0.3146	0.1679	0.2451	0.0560	-0.0056	-0.2482	-0.8119	0.5778	-0.6533	0.2331	0.1544	0.0969	0.4113	1.0923	-0.5490	0.0394	-0.2081	0.4581	-0.2565	0.1621	-0.0568	-0.2513	-0.6359	0.2789	-0.2801	-0.0149	0.1176	1.0942	0.1375	-0.0532	-0.1026	0.1369	-0.3204	-0.0958	0.0883	0.3071	-0.0513	0.2628	-0.2018	-0.1493	0.0777	-0.8843	-0.4886	0.2685	-0.0101	-0.1213	-0.1971	0.2567	-0.3058	-0.8269	-0.0568	-0.3361	0.4668	0.0191	0.3556	0.6751	0.0834	0.2376	0.7396	0.5187	-0.1950	-0.0329
-0.2153	0.1797	0.1853	0.0283	0.2011	0.1685	0.2171	-0.0394	0.4868	-0.3403	0.1432	0.2319	0.5352	-0.2450	0.1516	-0.4946	-0.4276	0.0414	0.8726	0.3957	-0.3203	-0.0655	-0.2660	0.3654	0.1943	-0.7260	-0.7770	-0.9244	0.1322	1.4574	-0.2930	0.2605	-0.8531	-0.0166	0.5457	-0.5611	-0.2400	-0.1202	-0.6882	-0.5432	-0.3527	-0.3611	0.2346	0.0962	-0.1500	0.0795	0.6028	0.1670	-0.6915	-0.4015	-0.1692	0.2353	-0.0701	0.0346	-0.5180	-0.5216	0.1347	0.3249	0.2550	0.3131	-0.0422	-0.0650	1.0100	-0.0263
-0.1190	-0.1496	0.2680	0.4630	0.2543	0.7718	0.7193	-0.0305	-0.3122	0.4283	1.0376	-0.3516	0.2474	0.3225	0.0530	0.4128	0.7667	0.2356	0.0832	-0.0456	-0.4780	0.1702	-0.0257	0.5533	0.3340	0.1623	0.3607	-1.1750	-0.0183	-0.2044	-0.6771	0.2276	0.6874	0.3645	-0.5050	0.1566	0.0853	-0.0672	0.0626	0.7168	-0.1100	-0.0866	0.9606	0.2731	0.2332	0.0297	-0.3332	0.3271	0.4263	0.7718	0.1914	0.2320	-0.2195	-0.2505	-0.0961	-0.5740	-0.1376	-0.0153	0.0907	-0.4474	0.1054	-0.1854	0.7004	0.4846
0.0824	-0.1607	-0.1935	-0.1732	-0.1149	-0.3077	0.1323	-0.0490	-0.0925	-0.2229	-0.0384	-0.0488	-0.1828	-0.5285	-0.0218	-0.0052	0.0264	-0.4657	0.2032	0.1747	0.2915	-0.4271	0.0631	0.0316	-0.0996	0.0104	0.1675	0.0022	-0.2691	0.0360	0.3131	0.1998	0.1085	-0.0574	0.1449	0.2537	0.1091	0.1217	0.0123	-0.3464	0.2452	0.0551	0.0791	0.1489	-0.2147	-0.0090	0.2695	0.1426	0.0825	-0.2417	0.2590	-0.0623	0.0886	-0.0593	-0.2357	0.1831	-0.6167	-0.0499	0.2330	0.1094	-0.2949	-0.1047	-0.0270	-0.1745
-0.3248	1.1426	-0.4156	-0.0425	-0.9556	0.6402	-0.0132	-0.0728	-0.4868	-0.0790	0.4415	0.4660	0.3769	-0.0285	0.5320	-0.2274	0.3942	-1.3894	0.6034	-0.5022	1.1191	0.7731	-0.7117	-0.2112	0.0192	0.1829	-0.0783	-0.2730	-0.0648	-0.1368	-1.6805	-0.6944	-0.4951	0.2703	-0.4101	0.2957	0.1298	0.5914	0.3239	0.0481	0.4796	0.2243	-0.2676	-0.8423	-0.9149	0.9209	0.1990	0.5851	-0.0700	-0.8339	0.8376	-0.1685	-0.0156	-0.0256	-0.0913	-0.5743	0.2745	-0.2881	-0.5045	-0.1549	0.0600	-0.1084	-0.5132	0.2990
-0.4090	-0.6402	-0.3159	0.3098	0.1707	-0.1632	0.1570	-0.5969	-1.8986	0.4093	-0.3799	-0.4145	-0.2826	0.2020	0.1243	0.0288	-0.6429	-0.4566	0.4265	-0.0904	-0.0580	-0.3753	-0.3771	-0.1398	-1.0194	0.3955	0.0400	-0.7240	-0.5197	0.7264	0.5365	0.2663	-0.2572	-0.1405	-0.8626	-0.2979	0.1748	0.5291	-0.0418	-0.3586	-0.6890	0.5924	-0.0062	-1.0761	-0.0071	-0.1652	-0.1373	-0.0603	0.0659	0.0650	-0.4890	-0.2209	0.3407	-0.2225	0.3292	0.3069	-0.1834	-0.5973	0.1910	0.5940	-0.0230	1.2415	-0.3213	0.6411
0.1897	-0.0200	-0.3595	0.0388	-0.3653	0.4422	-0.2195	-0.4419	0.0929	0.2368	-0.6126	0.5728	0.4337	-0.2861	0.3015	1.5357	0.7394	0.3547	-0.3531	-0.2645	0.4662	0.0114	0.1368	-0.1042	0.0216	-0.2731	0.3660	0.1403	0.1433	0.3417	0.1423	0.1143	0.0756	-0.1924	0.3909	-0.1500	0.0857	0.3137	-0.3715	0.2840	-0.4162	-0.4528	0.3439	-0.3060	0.8310	0.2552	0.4261	-0.1205	0.0947	-0.8421	-0.6378	0.4764	0.2241	-0.1838	-0.3583	0.0830	0.3830	-1.0916	0.2357	0.2916	-0.0548	-0.3837	-0.0917	0.3977
0.8712	-0.2193	-0.4623	-0.1411	0.2777	0.1723	0.8367	0.0669	-0.5625	0.1527	-0.0401	-0.3925	0.3225	0.4040	0.2741	-0.1392	-0.3067	0.2207	-0.2664	0.0107	-0.3992	0.0250	-0.0485	0.1880	-0.2858	-0.2105	0.1098	0.1650	0.2381	0.0375	-0.0808	-0.2746	-0.0515	0.1161	-0.0274	-0.0065	-0.1517	0.2361	0.0317	-0.1657	-1.0193	0.1758	-0.4784	-0.1075	0.1906	-0.3169	0.4799	-0.0722	0.6135	-0.5225	0.4596	-0.2861	-0.1267	-0.0085	0.0160	-0.4656	0.2561	0.0388	0.1187	-0.1680	-0.9326	0.3664	-0.0323	-0.2021
0.0828	-0.0985	0.0096	-0.4813	0.2031	-0.1737	-0.2614	0.8058	-0.1993	0.0602	0.0578	1.5362	0.1524	0.4781	-0.2944	-0.0910	-0.1375	-0.3986	-0.4569	0.6280	0.2103	0.0296	0.1508	-0.3440	0.1150	1.3751	0.2817	-0.0236	-0.4332	-0.2064	0.0068	-0.2220	-0.4527	0.0809	-0.0792	0.0323	0.6285	-0.3600	-0.1714	-0.2635	0.3765	-0.2406	1.6720	-0.1296	0.1090	0.3729	-0.1501	-0.6721	-0.2207	-0.0824	-0.2144	1.4064	-1.2447	-0.1529	-0.0546	-0.3878	0.0241	0.3908	0.3592	-0.2049	0.1614	0.0671	0.0924	0.0210
0.3819	-0.9401	0.1883	-0.2447	-0.0033	-0.0615	-1.0364	-0.0211	0.1235	-0.0488	-0.2432	0.0526	0.1623	-0.5442	0.3536	0.0997	-0.0510	0.0390	0.1098	0.3461	-0.2319	0.1180	-0.3100	0.1462	-0.3764	0.0489	-0.0408	-0.1225	-0.5613	-0.0410	-0.0753	-0.1738	-0.3123	-0.0819	-0.3642	0.0932	-0.2196	-0.7713	-0.1396	-0.3360	0.1451	0.4090	-0.2807	0.2846	0.5151	0.4604	-0.2992	-0.1527	0.4002	-0.0057	-0.1443	-0.2447	0.0753	-0.2245	-0.0816	-0.7580	-0.1303	0.0845	-0.3952	-0.1709	-0.0161	-0.5406	-0.3319	-0.1234
0.4202	0.1357	0.1146	-0.1374	-0.0356	0.3174	-0.0936	0.0338	0.4882	0.3128	0.4770	0.0540	0.2089	-0.0038	0.0185	0.2506	0.3869	0.2461	0.6189	0.1401	-0.1678	-0.0111	0.0118	-0.9469	-0.4082	-0.4209	-0.4721	-0.2978	-0.7773	-0.3198	-0.2041	0.3877	-0.1345	-0.3584	-0.2063	0.0952	0.1133	0.2296	-0.5857	-0.1850	-0.0406	-0.6129	-0.2876	-0.1925	0.2002	-0.6273	0.0043	0.9788	0.6308	-0.1755	-0.0570	0.1720	0.0017	-0.4474	0.7920	0.0943	-1.0753	0.4885	-0.3015	0.0234	-0.0086	0.4832	-0.0744	0.0795
0.3741	-0.0496	-0.1640	-0.1563	0.1595	-0.5730	0.3726	0.4715	0.5843	0.1423	-0.0002	-0.0797	-0.2619	0.4831	0.0905	0.2884	0.2974	0.3046	-0.4676	0.2529	-0.3753	-0.6819	-0.3023	0.2079	-0.8252	-0.3069	-0.1525	-0.0892	0.1318	0.2195	0.2887	-0.4475	-0.0286	0.1679	3.2695	-0.1519	0.1847	0.1405	0.3871	-0.2013	-0.1411	-0.6022	-0.0103	0.0682	0.2650	0.8897	-0.1089	0.5184	0.0221	-0.3673	-0.7312	0.3962	-0.4285	0.2453	0.2330	0.0640	-0.1710	0.0385	-0.2816	0.2175	0.5145	0.5195	0.7068	-0.5771
0.1934	-0.1208	0.1946	-0.3619	-0.0270	0.0149	0.3185	-0.1151	-0.5045	-0.6788	0.2446	0.0178	-0.0312	-0.7799	-0.3236	0.5111	0.2643	0.2368	0.7498	0.0071	-0.1550	-0.0825	0.3314	-0.3542	0.2954	-0.0345	0.1355	0.1312	1.2080	0.0970	-0.0632	0.1275	-0.4583	-0.1175	0.1814	0.3518	-0.0669	-0.5460	0.2336	-0.0398	0.0219	0.0892	0.3007	0.0023	-0.4053	-0.3102	-0.3832	-0.0988	0.2828	-0.0311	0.3181	0.0790	-0.0025	-0.0301	0.2479	-0.2275	-0.3599	0.4167	-0.1178	0.9488	0.0977	-0.5328	0.2187	-0.0839
-0.2010	0.5532	0.0676	0.3834	-0.7918	-0.0573	0.4020	-0.2046	0.1817	-0.3417	-0.3069	0.8542	-0.4442	0.7298	-0.1690	0.1417	1.2134	-0.1168	-0.0778	0.5312	-0.0003	-0.4033	-0.1952	0.0879	0.1204	-0.0692	0.1420	0.1389	-0.2281	0.3356	-0.0199	-0.1636	-0.3973	0.6901	0.0291	0.0411	-0.0279	0.2002	-0.2040	-0.1262	0.2394	-0.4076	-0.0326	-0.0038	-0.1108	-0.2600	0.0125	0.1034	0.1058	0.0063	0.2263	-0.1694	-0.1795	-0.0245	0.1183	0.1477	-0.0023	-0.0175	0.0080	0.0911	-0.2133	0.0064	0.2339	0.0508
-0.1880	0.4067	0.0507	0.5179	0.5469	-0.4918	0.2960	0.2537	-0.2729	0.3201	-0.0183	0.0318	0.3057	0.6071	1.2142	-0.3673	-0.0818	0.3165	0.4638	0.0852	-0.0591	0.5134	-0.0615	0.0430	-0.2736	0.3703	-0.1590	2.1253	0.2404	0.0422	-0.2962	0.6603	-0.3165	0.2372	-0.2974	0.9156	-0.1210	-0.0882	-0.3048	0.2624	-0.1319	0.0590	0.6638	-0.0568	0.2628	0.5713	0.2731	0.1756	-0.8580	0.1415	-0.1455	0.1160	0.3870	-0.2071	-0.1134	-0.5573	-0.1198	0.5341	-0.0054	0.2534	0.5853	0.0472	0.5543	0.4527
-0.1795	0.0118	-0.4827	-0.3008	-0.0509	0.0445	-0.2806	-0.6780	0.1522	0.5691	-0.1706	0.2914	0.0909	1.1045	0.3408	0.0977	-0.9668	-0.1035	0.5773	-0.2026	0.0817	-0.3732	0.3351	-0.7531	0.1712	-1.0354	0.3037	-0.0612	0.4424	0.4191	-0.6818	0.0852	1.0769	-0.0562	-0.0297	-0.2064	0.1644	-0.5088	0.0808	-0.2289	0.0617	-0.2049	0.4960	-0.0462	0.1859	-0.2679	-0.2418	0.2705	0.3889	0.7284	-0.0396	0.6607	-0.2075	-0.0247	-0.5918	1.7355	0.4427	-0.2497	-0.3314	-1.2612	-0.0053	-0.6454	-0.1563	0.3564
-0.1970	-0.0497	0.2399	-0.2902	0.0487	-0.1181	1.2697	0.5234	0.4126	0.2091	0.0243	-0.6819	-0.2282	-0.5328	-0.4678	0.5784	0.6928	0.0412	-0.2257	-0.1878	0.5574	-0.1977	0.1237	0.5195	0.5897	0.3612	-0.3364	-0.3664	-0.5083	-0.4102	-0.6794	0.0127	-0.2432	-0.7124	0.2548	0.4638	0.5925	-0.1512	-0.1361	-0.0600	0.3766	-0.4199	-0.6708	-1.4313	-0.0130	-0.0044	-0.0271	-0.4881	-0.7554	0.0177	-0.0831	-0.4895	2.2481	-0.3022	0.1161	-0.2607	0.0672	0.2430	0.2284	0.1242	-0.4213	0.3242	-0.0317	-0.2704
-0.1204	0.3619	-0.1510	-0.5824	0.2936	0.6686	-0.2060	0.4383	0.0422	0.3135	-0.8659	0.0411	-0.1710	0.7001	-0.2199	0.4531	0.0121	0.5627	-0.1482	0.0363	-0.1071	-0.1249	0.4600	0.0265	-0.1748	-0.1404	0.0682	-0.1313	0.1982	0.5506	-0.3068	-0.2910	-0.0409	-0.3119	-0.4987	0.4313	-0.1054	0.0096	0.3012	0.5673	0.2608	-0.2168	-0.5067	-0.0056	0.2103	-0.4367	0.4695	-0.0723	-0.1405	0.9670	0.1140	0.4556	-0.7854	-0.1116	-0.2651	-0.4881	-0.0895	0.1280	-0.4112	-0.3556	-0.1399	-0.0153	0.8240	-0.1992
0.0953	0.1625	-0.5273	0.2203	0.3340	-0.1958	0.0390	0.2552	-0.2134	0.0647	-0.0314	-0.1198	0.0650	0.0075	0.1217	-0.1415	0.4158	0.3619	0.3615	0.3300	0.0576	-0.0954	-0.1066	0.4999	0.4522	-0.4046	0.3550	-0.3114	-0.4648	-0.7228	-0.0812	0.1238	-0.4743	-1.2906	0.0244	0.0533	0.1615	0.1357	0.5096	-0.1060	-0.6935	-0.0504	0.3153	0.6284	0.0646	0.1398	0.0159	0.0730	-0.2739	0.2691	-0.1678	0.1360	0.4040	-0.7052	-0.0710	0.1291	-0.0429	-0.7619	0.1548	-0.0491	0.1042	-0.1086	0.1955	0.1553
0.0493	0.3211	-0.1100	0.5079	0.5344	0.1017	-0.0504	-0.5824	0.2132	-0.1484	0.1736	0.8271	-0.4189	0.3433	-0.2353	0.0839	0.2000	0.0623	-0.6221	-0.2733	0.2125	-0.0004	0.4357	0.3951	-0.6568	0.0686	-1.6060	-0.4010	0.3016	-0.1057	0.0024	0.2296	-0.3839	-0.4016	0.1287	-0.1305	-0.2239	0.3674	-0.2840	0.0203	-0.0598	0.5732	-0.0451	-0.0266	0.0085	-0.2091	-0.1501	-0.2019	0.3441	1.1127	0.5798	0.1235	0.1458	-0.5959	-0.7267	-0.1211	-0.1775	-0.4432	0.2783	-0.0462	-0.3666	0.1741	0.2846	0.0000
0.8040	-0.4721	-0.3985	-0.1722	0.0408	-0.4230	0.3702	-0.1790	-0.3140	0.4489	1.4181	0.4998	0.8722	0.0629	0.4815	-0.0551	0.1597	0.1775	0.2220	0.6437	0.2996	-0.0722	-0.1859	-0.1928	-0.3155	-0.2921	-0.7300	-0.5633	0.0155	0.4643	-0.5456	-0.4714	-0.0169	-0.1288	0.4226	-0.4628	0.0396	-0.0531	-0.0077	-0.2534	0.0377	-0.1369	0.2872	0.2252	0.0424	-0.0272	-0.2740	0.0704	0.0360	-0.3739	-0.2743	-0.1147	0.1631	0.0393	-0.2727	-0.2540	-0.2044	0.1503	-0.5618	0.1995	0.1392	0.3157	0.5937	-0.2776
0.0027	0.0749	-0.0862	0.3328	-0.5758	0.6597	-0.0977	0.2313	0.3830	0.1774	-0.2335	-0.2232	-0.2285	-0.2254	-0.0860	0.4886	0.0035	-0.3962	-0.1693	0.7123	0.3287	-0.3717	0.1881	-0.0749	-0.1235	-0.1998	-0.0409	0.0395	-0.5541	0.1544	-0.0562	0.0780	-0.0390	0.3505	-0.3143	-0.2945	-0.0513	-0.1712	0.2369	0.2712	-0.6134	0.1577	-0.0431	-0.1929	0.3402	-0.1249	0.2126	0.1430	0.4705	-0.0741	-0.7063	0.5356	-0.1260	0.1448	0.1725	-0.3507	-0.0492	-1.0106	-0.0864	-0.1421	-0.1800	-0.0429	0.1912	0.1159
0.1284	-0.0372	0.0855	-0.3308	-0.2530	0.0296	-0.2068	0.0260	0.0368	-0.1109	0.0250	-0.0194	0.1249	-0.0565	0.0789	-0.0314	-0.2644	0.0911	0.1628	0.0821	0.1213	0.0631	0.2980	-0.1853	0.0157	0.1009	0.3887	-0.1785	-0.0708	-0.6283	-0.3639	0.5221	-0.1878	-0.0090	-0.2087	0.0090	0.2620	-0.2308	-0.2992	0.1367	-0.4095	0.3825	0.0580	-0.3711	0.0123	-0.1970	0.0689	-0.0106	-0.0321	0.2162	0.3435	-0.1835	0.1811	0.0788	0.1440	0.7814	-0.0158	0.1935	0.0382	-0.2844	0.1918	0.0049	0.4854	0.0397
-0.2229	-0.0493	-0.0059	-0.3565	0.6002	0.5311	-0.1052	-0.1965	0.5354	-0.8626	-0.0147	-0.4417	-0.2836	0.2962	-0.3955	-0.3783	-0.2931	-0.2352	0.3689	-0.0306	-0.1924	-0.1701	-0.0266	0.2449	0.1218	0.5263	0.1089	0.0227	-0.2043	0.1122	-0.0322	0.1013	0.8342	-0.1628	0.2576	0.1352	-0.0838	-0.0720	0.0161	-0.0437	0.3530	0.5787	-0.0478	0.4583	0.1107	0.1734	0.4266	-0.1235	0.0843	0.0130	-0.0727	-0.2704	0.1606	-0.1998	0.0303	-0.1847	0.5795	0.2183	0.1489	0.3852	-0.3905	-0.2067	0.1900	0.8036
